ARMA_MAT_TXT_FN008
9 4
   9.7773864321315485e-01   2.2259972722558197e-02   1.3840642869578090e-06   0.0000000000000000e+00
   5.0364468276745045e-01   4.9275386675233612e-01   3.6014504802084346e-03   4.9960036108132044e-15
   2.3247920029931812e-02   7.3080992724609428e-01   2.4594214797006075e-01   4.7539131520224487e-09
   5.0364468276745045e-01   4.9275386675233612e-01   3.6014504802084346e-03   4.9960036108132044e-15
   1.3909467576523650e-03   3.7586901522967370e-01   6.2273896563339681e-01   1.0723792770450657e-06
   1.0436456366693627e-09   4.6202375715027216e-04   9.5854547123856582e-01   4.0992503960638249e-02
   2.3247920029931812e-02   7.3080992724609428e-01   2.4594214797006075e-01   4.7539131520224487e-09
   1.0436456366693627e-09   4.6202375715027216e-04   9.5854547123856582e-01   4.0992503960638249e-02
   8.3559331318179893e-24   1.3092810478339670e-13   1.1888391455528105e-02   9.8811160854434099e-01
