ARMA_MAT_TXT_FN008
81 4
   8.4134487510616074e-01   1.4041603554348070e-01   1.6934998923488487e-02   1.3040904268700748e-03
   8.4134487510616074e-01   1.4041603554348070e-01   1.6934998923488487e-02   1.3040904268700748e-03
   8.4134487510616074e-01   1.4041603554348070e-01   1.6934998923488487e-02   1.3040904268700748e-03
   1.5865538296914367e-01   3.7781953660380102e-01   3.0739714241032134e-01   1.5612793801673397e-01
   1.5865538296914367e-01   3.7781953660380102e-01   3.0739714241032134e-01   1.5612793801673397e-01
   1.5865538296914367e-01   3.7781953660380102e-01   3.0739714241032134e-01   1.5612793801673397e-01
   1.3499003950390256e-03   2.6817079742956787e-02   1.3304226567755104e-01   8.3879075418445315e-01
   1.3499003950390256e-03   2.6817079742956787e-02   1.3304226567755104e-01   8.3879075418445315e-01
   1.3499003950390256e-03   2.6817079742956787e-02   1.3304226567755104e-01   8.3879075418445315e-01
   8.4134487510616074e-01   1.4041603554348070e-01   1.6934998923488487e-02   1.3040904268700748e-03
   8.4134487510616074e-01   1.4041603554348070e-01   1.6934998923488487e-02   1.3040904268700748e-03
   8.4134487510616074e-01   1.4041603554348070e-01   1.6934998923488487e-02   1.3040904268700748e-03
   1.5865538296914367e-01   3.7781953660380102e-01   3.0739714241032134e-01   1.5612793801673397e-01
   1.5865538296914367e-01   3.7781953660380102e-01   3.0739714241032134e-01   1.5612793801673397e-01
   1.5865538296914367e-01   3.7781953660380102e-01   3.0739714241032134e-01   1.5612793801673397e-01
   1.3499003950390256e-03   2.6817079742956787e-02   1.3304226567755104e-01   8.3879075418445315e-01
   1.3499003950390256e-03   2.6817079742956787e-02   1.3304226567755104e-01   8.3879075418445315e-01
   1.3499003950390256e-03   2.6817079742956787e-02   1.3304226567755104e-01   8.3879075418445315e-01
   8.4134487510616074e-01   1.4041603554348070e-01   1.6934998923488487e-02   1.3040904268700748e-03
   8.4134487510616074e-01   1.4041603554348070e-01   1.6934998923488487e-02   1.3040904268700748e-03
   8.4134487510616074e-01   1.4041603554348070e-01   1.6934998923488487e-02   1.3040904268700748e-03
   1.5865538296914367e-01   3.7781953660380102e-01   3.0739714241032134e-01   1.5612793801673397e-01
   1.5865538296914367e-01   3.7781953660380102e-01   3.0739714241032134e-01   1.5612793801673397e-01
   1.5865538296914367e-01   3.7781953660380102e-01   3.0739714241032134e-01   1.5612793801673397e-01
   1.3499003950390256e-03   2.6817079742956787e-02   1.3304226567755104e-01   8.3879075418445315e-01
   1.3499003950390256e-03   2.6817079742956787e-02   1.3304226567755104e-01   8.3879075418445315e-01
   1.3499003950390256e-03   2.6817079742956787e-02   1.3304226567755104e-01   8.3879075418445315e-01
   8.4134487510616074e-01   1.4041603554348070e-01   1.6934998923488487e-02   1.3040904268700748e-03
   8.4134487510616074e-01   1.4041603554348070e-01   1.6934998923488487e-02   1.3040904268700748e-03
   8.4134487510616074e-01   1.4041603554348070e-01   1.6934998923488487e-02   1.3040904268700748e-03
   1.5865538296914367e-01   3.7781953660380102e-01   3.0739714241032134e-01   1.5612793801673397e-01
   1.5865538296914367e-01   3.7781953660380102e-01   3.0739714241032134e-01   1.5612793801673397e-01
   1.5865538296914367e-01   3.7781953660380102e-01   3.0739714241032134e-01   1.5612793801673397e-01
   1.3499003950390256e-03   2.6817079742956787e-02   1.3304226567755104e-01   8.3879075418445315e-01
   1.3499003950390256e-03   2.6817079742956787e-02   1.3304226567755104e-01   8.3879075418445315e-01
   1.3499003950390256e-03   2.6817079742956787e-02   1.3304226567755104e-01   8.3879075418445315e-01
   8.4134487510616074e-01   1.4041603554348070e-01   1.6934998923488487e-02   1.3040904268700748e-03
   8.4134487510616074e-01   1.4041603554348070e-01   1.6934998923488487e-02   1.3040904268700748e-03
   8.4134487510616074e-01   1.4041603554348070e-01   1.6934998923488487e-02   1.3040904268700748e-03
   1.5865538296914367e-01   3.7781953660380102e-01   3.0739714241032134e-01   1.5612793801673397e-01
   1.5865538296914367e-01   3.7781953660380102e-01   3.0739714241032134e-01   1.5612793801673397e-01
   1.5865538296914367e-01   3.7781953660380102e-01   3.0739714241032134e-01   1.5612793801673397e-01
   1.3499003950390256e-03   2.6817079742956787e-02   1.3304226567755104e-01   8.3879075418445315e-01
   1.3499003950390256e-03   2.6817079742956787e-02   1.3304226567755104e-01   8.3879075418445315e-01
   1.3499003950390256e-03   2.6817079742956787e-02   1.3304226567755104e-01   8.3879075418445315e-01
   8.4134487510616074e-01   1.4041603554348070e-01   1.6934998923488487e-02   1.3040904268700748e-03
   8.4134487510616074e-01   1.4041603554348070e-01   1.6934998923488487e-02   1.3040904268700748e-03
   8.4134487510616074e-01   1.4041603554348070e-01   1.6934998923488487e-02   1.3040904268700748e-03
   1.5865538296914367e-01   3.7781953660380102e-01   3.0739714241032134e-01   1.5612793801673397e-01
   1.5865538296914367e-01   3.7781953660380102e-01   3.0739714241032134e-01   1.5612793801673397e-01
   1.5865538296914367e-01   3.7781953660380102e-01   3.0739714241032134e-01   1.5612793801673397e-01
   1.3499003950390256e-03   2.6817079742956787e-02   1.3304226567755104e-01   8.3879075418445315e-01
   1.3499003950390256e-03   2.6817079742956787e-02   1.3304226567755104e-01   8.3879075418445315e-01
   1.3499003950390256e-03   2.6817079742956787e-02   1.3304226567755104e-01   8.3879075418445315e-01
   8.4134487510616074e-01   1.4041603554348070e-01   1.6934998923488487e-02   1.3040904268700748e-03
   8.4134487510616074e-01   1.4041603554348070e-01   1.6934998923488487e-02   1.3040904268700748e-03
   8.4134487510616074e-01   1.4041603554348070e-01   1.6934998923488487e-02   1.3040904268700748e-03
   1.5865538296914367e-01   3.7781953660380102e-01   3.0739714241032134e-01   1.5612793801673397e-01
   1.5865538296914367e-01   3.7781953660380102e-01   3.0739714241032134e-01   1.5612793801673397e-01
   1.5865538296914367e-01   3.7781953660380102e-01   3.0739714241032134e-01   1.5612793801673397e-01
   1.3499003950390256e-03   2.6817079742956787e-02   1.3304226567755104e-01   8.3879075418445315e-01
   1.3499003950390256e-03   2.6817079742956787e-02   1.3304226567755104e-01   8.3879075418445315e-01
   1.3499003950390256e-03   2.6817079742956787e-02   1.3304226567755104e-01   8.3879075418445315e-01
   8.4134487510616074e-01   1.4041603554348070e-01   1.6934998923488487e-02   1.3040904268700748e-03
   8.4134487510616074e-01   1.4041603554348070e-01   1.6934998923488487e-02   1.3040904268700748e-03
   8.4134487510616074e-01   1.4041603554348070e-01   1.6934998923488487e-02   1.3040904268700748e-03
   1.5865538296914367e-01   3.7781953660380102e-01   3.0739714241032134e-01   1.5612793801673397e-01
   1.5865538296914367e-01   3.7781953660380102e-01   3.0739714241032134e-01   1.5612793801673397e-01
   1.5865538296914367e-01   3.7781953660380102e-01   3.0739714241032134e-01   1.5612793801673397e-01
   1.3499003950390256e-03   2.6817079742956787e-02   1.3304226567755104e-01   8.3879075418445315e-01
   1.3499003950390256e-03   2.6817079742956787e-02   1.3304226567755104e-01   8.3879075418445315e-01
   1.3499003950390256e-03   2.6817079742956787e-02   1.3304226567755104e-01   8.3879075418445315e-01
   8.4134487510616074e-01   1.4041603554348070e-01   1.6934998923488487e-02   1.3040904268700748e-03
   8.4134487510616074e-01   1.4041603554348070e-01   1.6934998923488487e-02   1.3040904268700748e-03
   8.4134487510616074e-01   1.4041603554348070e-01   1.6934998923488487e-02   1.3040904268700748e-03
   1.5865538296914367e-01   3.7781953660380102e-01   3.0739714241032134e-01   1.5612793801673397e-01
   1.5865538296914367e-01   3.7781953660380102e-01   3.0739714241032134e-01   1.5612793801673397e-01
   1.5865538296914367e-01   3.7781953660380102e-01   3.0739714241032134e-01   1.5612793801673397e-01
   1.3499003950390256e-03   2.6817079742956787e-02   1.3304226567755104e-01   8.3879075418445315e-01
   1.3499003950390256e-03   2.6817079742956787e-02   1.3304226567755104e-01   8.3879075418445315e-01
   1.3499003950390256e-03   2.6817079742956787e-02   1.3304226567755104e-01   8.3879075418445315e-01
