ARMA_MAT_TXT_FN008
81 5
   8.4134474533488146e-01   1.4433447865904903e-01   1.2970778592875210e-02   9.8685855193181293e-04   3.6313886126249084e-04
   8.4134474533488146e-01   1.4433447865904903e-01   1.2970778592875210e-02   9.8685855193181293e-04   3.6313886126249084e-04
   8.4134474533488146e-01   1.4433447865904903e-01   1.2970778592875210e-02   9.8685855193181293e-04   3.6313886126249084e-04
   8.4134474533488146e-01   1.4433447865904903e-01   1.2970778592875210e-02   9.8685855193181293e-04   3.6313886126249084e-04
   8.4134474533488146e-01   1.4433447865904903e-01   1.2970778592875210e-02   9.8685855193181293e-04   3.6313886126249084e-04
   8.4134474533488146e-01   1.4433447865904903e-01   1.2970778592875210e-02   9.8685855193181293e-04   3.6313886126249084e-04
   8.4134474533488146e-01   1.4433447865904903e-01   1.2970778592875210e-02   9.8685855193181293e-04   3.6313886126249084e-04
   8.4134474533488146e-01   1.4433447865904903e-01   1.2970778592875210e-02   9.8685855193181293e-04   3.6313886126249084e-04
   8.4134474533488146e-01   1.4433447865904903e-01   1.2970778592875210e-02   9.8685855193181293e-04   3.6313886126249084e-04
   8.4134474533488146e-01   1.4433447865904903e-01   1.2970778592875210e-02   9.8685855193181293e-04   3.6313886126249084e-04
   8.4134474533488146e-01   1.4433447865904903e-01   1.2970778592875210e-02   9.8685855193181293e-04   3.6313886126249084e-04
   8.4134474533488146e-01   1.4433447865904903e-01   1.2970778592875210e-02   9.8685855193181293e-04   3.6313886126249084e-04
   8.4134474533488146e-01   1.4433447865904903e-01   1.2970778592875210e-02   9.8685855193181293e-04   3.6313886126249084e-04
   8.4134474533488146e-01   1.4433447865904903e-01   1.2970778592875210e-02   9.8685855193181293e-04   3.6313886126249084e-04
   8.4134474533488146e-01   1.4433447865904903e-01   1.2970778592875210e-02   9.8685855193181293e-04   3.6313886126249084e-04
   8.4134474533488146e-01   1.4433447865904903e-01   1.2970778592875210e-02   9.8685855193181293e-04   3.6313886126249084e-04
   8.4134474533488146e-01   1.4433447865904903e-01   1.2970778592875210e-02   9.8685855193181293e-04   3.6313886126249084e-04
   8.4134474533488146e-01   1.4433447865904903e-01   1.2970778592875210e-02   9.8685855193181293e-04   3.6313886126249084e-04
   8.4134474533488146e-01   1.4433447865904903e-01   1.2970778592875210e-02   9.8685855193181293e-04   3.6313886126249084e-04
   8.4134474533488146e-01   1.4433447865904903e-01   1.2970778592875210e-02   9.8685855193181293e-04   3.6313886126249084e-04
   8.4134474533488146e-01   1.4433447865904903e-01   1.2970778592875210e-02   9.8685855193181293e-04   3.6313886126249084e-04
   8.4134474533488146e-01   1.4433447865904903e-01   1.2970778592875210e-02   9.8685855193181293e-04   3.6313886126249084e-04
   8.4134474533488146e-01   1.4433447865904903e-01   1.2970778592875210e-02   9.8685855193181293e-04   3.6313886126249084e-04
   8.4134474533488146e-01   1.4433447865904903e-01   1.2970778592875210e-02   9.8685855193181293e-04   3.6313886126249084e-04
   8.4134474533488146e-01   1.4433447865904903e-01   1.2970778592875210e-02   9.8685855193181293e-04   3.6313886126249084e-04
   8.4134474533488146e-01   1.4433447865904903e-01   1.2970778592875210e-02   9.8685855193181293e-04   3.6313886126249084e-04
   8.4134474533488146e-01   1.4433447865904903e-01   1.2970778592875210e-02   9.8685855193181293e-04   3.6313886126249084e-04
   1.5865525319779561e-01   4.1605741483140868e-01   2.6662665211145820e-01   7.4784545983650363e-02   8.3876133875687153e-02
   1.5865525319779561e-01   4.1605741483140868e-01   2.6662665211145820e-01   7.4784545983650363e-02   8.3876133875687153e-02
   1.5865525319779561e-01   4.1605741483140868e-01   2.6662665211145820e-01   7.4784545983650363e-02   8.3876133875687153e-02
   1.5865525319779561e-01   4.1605741483140868e-01   2.6662665211145820e-01   7.4784545983650363e-02   8.3876133875687153e-02
   1.5865525319779561e-01   4.1605741483140868e-01   2.6662665211145820e-01   7.4784545983650363e-02   8.3876133875687153e-02
   1.5865525319779561e-01   4.1605741483140868e-01   2.6662665211145820e-01   7.4784545983650363e-02   8.3876133875687153e-02
   1.5865525319779561e-01   4.1605741483140868e-01   2.6662665211145820e-01   7.4784545983650363e-02   8.3876133875687153e-02
   1.5865525319779561e-01   4.1605741483140868e-01   2.6662665211145820e-01   7.4784545983650363e-02   8.3876133875687153e-02
   1.5865525319779561e-01   4.1605741483140868e-01   2.6662665211145820e-01   7.4784545983650363e-02   8.3876133875687153e-02
   1.5865525319779561e-01   4.1605741483140868e-01   2.6662665211145820e-01   7.4784545983650363e-02   8.3876133875687153e-02
   1.5865525319779561e-01   4.1605741483140868e-01   2.6662665211145820e-01   7.4784545983650363e-02   8.3876133875687153e-02
   1.5865525319779561e-01   4.1605741483140868e-01   2.6662665211145820e-01   7.4784545983650363e-02   8.3876133875687153e-02
   1.5865525319779561e-01   4.1605741483140868e-01   2.6662665211145820e-01   7.4784545983650363e-02   8.3876133875687153e-02
   1.5865525319779561e-01   4.1605741483140868e-01   2.6662665211145820e-01   7.4784545983650363e-02   8.3876133875687153e-02
   1.5865525319779561e-01   4.1605741483140868e-01   2.6662665211145820e-01   7.4784545983650363e-02   8.3876133875687153e-02
   1.5865525319779561e-01   4.1605741483140868e-01   2.6662665211145820e-01   7.4784545983650363e-02   8.3876133875687153e-02
   1.5865525319779561e-01   4.1605741483140868e-01   2.6662665211145820e-01   7.4784545983650363e-02   8.3876133875687153e-02
   1.5865525319779561e-01   4.1605741483140868e-01   2.6662665211145820e-01   7.4784545983650363e-02   8.3876133875687153e-02
   1.5865525319779561e-01   4.1605741483140868e-01   2.6662665211145820e-01   7.4784545983650363e-02   8.3876133875687153e-02
   1.5865525319779561e-01   4.1605741483140868e-01   2.6662665211145820e-01   7.4784545983650363e-02   8.3876133875687153e-02
   1.5865525319779561e-01   4.1605741483140868e-01   2.6662665211145820e-01   7.4784545983650363e-02   8.3876133875687153e-02
   1.5865525319779561e-01   4.1605741483140868e-01   2.6662665211145820e-01   7.4784545983650363e-02   8.3876133875687153e-02
   1.5865525319779561e-01   4.1605741483140868e-01   2.6662665211145820e-01   7.4784545983650363e-02   8.3876133875687153e-02
   1.5865525319779561e-01   4.1605741483140868e-01   2.6662665211145820e-01   7.4784545983650363e-02   8.3876133875687153e-02
   1.5865525319779561e-01   4.1605741483140868e-01   2.6662665211145820e-01   7.4784545983650363e-02   8.3876133875687153e-02
   1.5865525319779561e-01   4.1605741483140868e-01   2.6662665211145820e-01   7.4784545983650363e-02   8.3876133875687153e-02
   1.5865525319779561e-01   4.1605741483140868e-01   2.6662665211145820e-01   7.4784545983650363e-02   8.3876133875687153e-02
   1.3498980181926151e-03   3.3672973856140549e-02   1.2362695625091119e-01   1.0880208675997344e-01   7.3254808511478220e-01
   1.3498980181926151e-03   3.3672973856140549e-02   1.2362695625091119e-01   1.0880208675997344e-01   7.3254808511478220e-01
   1.3498980181926151e-03   3.3672973856140549e-02   1.2362695625091119e-01   1.0880208675997344e-01   7.3254808511478220e-01
   1.3498980181926151e-03   3.3672973856140549e-02   1.2362695625091119e-01   1.0880208675997344e-01   7.3254808511478220e-01
   1.3498980181926151e-03   3.3672973856140549e-02   1.2362695625091119e-01   1.0880208675997344e-01   7.3254808511478220e-01
   1.3498980181926151e-03   3.3672973856140549e-02   1.2362695625091119e-01   1.0880208675997344e-01   7.3254808511478220e-01
   1.3498980181926151e-03   3.3672973856140549e-02   1.2362695625091119e-01   1.0880208675997344e-01   7.3254808511478220e-01
   1.3498980181926151e-03   3.3672973856140549e-02   1.2362695625091119e-01   1.0880208675997344e-01   7.3254808511478220e-01
   1.3498980181926151e-03   3.3672973856140549e-02   1.2362695625091119e-01   1.0880208675997344e-01   7.3254808511478220e-01
   1.3498980181926151e-03   3.3672973856140549e-02   1.2362695625091119e-01   1.0880208675997344e-01   7.3254808511478220e-01
   1.3498980181926151e-03   3.3672973856140549e-02   1.2362695625091119e-01   1.0880208675997344e-01   7.3254808511478220e-01
   1.3498980181926151e-03   3.3672973856140549e-02   1.2362695625091119e-01   1.0880208675997344e-01   7.3254808511478220e-01
   1.3498980181926151e-03   3.3672973856140549e-02   1.2362695625091119e-01   1.0880208675997344e-01   7.3254808511478220e-01
   1.3498980181926151e-03   3.3672973856140549e-02   1.2362695625091119e-01   1.0880208675997344e-01   7.3254808511478220e-01
   1.3498980181926151e-03   3.3672973856140549e-02   1.2362695625091119e-01   1.0880208675997344e-01   7.3254808511478220e-01
   1.3498980181926151e-03   3.3672973856140549e-02   1.2362695625091119e-01   1.0880208675997344e-01   7.3254808511478220e-01
   1.3498980181926151e-03   3.3672973856140549e-02   1.2362695625091119e-01   1.0880208675997344e-01   7.3254808511478220e-01
   1.3498980181926151e-03   3.3672973856140549e-02   1.2362695625091119e-01   1.0880208675997344e-01   7.3254808511478220e-01
   1.3498980181926151e-03   3.3672973856140549e-02   1.2362695625091119e-01   1.0880208675997344e-01   7.3254808511478220e-01
   1.3498980181926151e-03   3.3672973856140549e-02   1.2362695625091119e-01   1.0880208675997344e-01   7.3254808511478220e-01
   1.3498980181926151e-03   3.3672973856140549e-02   1.2362695625091119e-01   1.0880208675997344e-01   7.3254808511478220e-01
   1.3498980181926151e-03   3.3672973856140549e-02   1.2362695625091119e-01   1.0880208675997344e-01   7.3254808511478220e-01
   1.3498980181926151e-03   3.3672973856140549e-02   1.2362695625091119e-01   1.0880208675997344e-01   7.3254808511478220e-01
   1.3498980181926151e-03   3.3672973856140549e-02   1.2362695625091119e-01   1.0880208675997344e-01   7.3254808511478220e-01
   1.3498980181926151e-03   3.3672973856140549e-02   1.2362695625091119e-01   1.0880208675997344e-01   7.3254808511478220e-01
   1.3498980181926151e-03   3.3672973856140549e-02   1.2362695625091119e-01   1.0880208675997344e-01   7.3254808511478220e-01
   1.3498980181926151e-03   3.3672973856140549e-02   1.2362695625091119e-01   1.0880208675997344e-01   7.3254808511478220e-01
