ARMA_MAT_TXT_FN008
32 6
   8.4134478684712999e-01   4.0359318881119433e-02   3.7723289860496889e-02   7.9204926262152475e-02   8.6735310345886774e-04   5.0032504564234692e-04
   8.4134478684712999e-01   4.0359318881119433e-02   3.7723289860496889e-02   7.9204926262152475e-02   8.6735310345886774e-04   5.0032504564234692e-04
   8.4134478684712999e-01   4.0359318881119433e-02   3.7723289860496889e-02   7.9204926262152475e-02   8.6735310345886774e-04   5.0032504564234692e-04
   8.4134478684712999e-01   4.0359318881119433e-02   3.7723289860496889e-02   7.9204926262152475e-02   8.6735310345886774e-04   5.0032504564234692e-04
   8.4134478684712999e-01   4.0359318881119433e-02   3.7723289860496889e-02   7.9204926262152475e-02   8.6735310345886774e-04   5.0032504564234692e-04
   8.4134478684712999e-01   4.0359318881119433e-02   3.7723289860496889e-02   7.9204926262152475e-02   8.6735310345886774e-04   5.0032504564234692e-04
   8.4134478684712999e-01   4.0359318881119433e-02   3.7723289860496889e-02   7.9204926262152475e-02   8.6735310345886774e-04   5.0032504564234692e-04
   8.4134478684712999e-01   4.0359318881119433e-02   3.7723289860496889e-02   7.9204926262152475e-02   8.6735310345886774e-04   5.0032504564234692e-04
   8.4134478684712999e-01   4.0359318881119433e-02   3.7723289860496889e-02   7.9204926262152475e-02   8.6735310345886774e-04   5.0032504564234692e-04
   8.4134478684712999e-01   4.0359318881119433e-02   3.7723289860496889e-02   7.9204926262152475e-02   8.6735310345886774e-04   5.0032504564234692e-04
   8.4134478684712999e-01   4.0359318881119433e-02   3.7723289860496889e-02   7.9204926262152475e-02   8.6735310345886774e-04   5.0032504564234692e-04
   8.4134478684712999e-01   4.0359318881119433e-02   3.7723289860496889e-02   7.9204926262152475e-02   8.6735310345886774e-04   5.0032504564234692e-04
   8.4134478684712999e-01   4.0359318881119433e-02   3.7723289860496889e-02   7.9204926262152475e-02   8.6735310345886774e-04   5.0032504564234692e-04
   8.4134478684712999e-01   4.0359318881119433e-02   3.7723289860496889e-02   7.9204926262152475e-02   8.6735310345886774e-04   5.0032504564234692e-04
   8.4134478684712999e-01   4.0359318881119433e-02   3.7723289860496889e-02   7.9204926262152475e-02   8.6735310345886774e-04   5.0032504564234692e-04
   8.4134478684712999e-01   4.0359318881119433e-02   3.7723289860496889e-02   7.9204926262152475e-02   8.6735310345886774e-04   5.0032504564234692e-04
   1.5865529471005096e-01   4.8465716193130892e-02   6.7542232623765353e-02   5.6571460978616517e-01   6.1156504107710674e-02   9.8465642579177004e-02
   1.5865529471005096e-01   4.8465716193130892e-02   6.7542232623765353e-02   5.6571460978616517e-01   6.1156504107710674e-02   9.8465642579177004e-02
   1.5865529471005096e-01   4.8465716193130892e-02   6.7542232623765353e-02   5.6571460978616517e-01   6.1156504107710674e-02   9.8465642579177004e-02
   1.5865529471005096e-01   4.8465716193130892e-02   6.7542232623765353e-02   5.6571460978616517e-01   6.1156504107710674e-02   9.8465642579177004e-02
   1.5865529471005096e-01   4.8465716193130892e-02   6.7542232623765353e-02   5.6571460978616517e-01   6.1156504107710674e-02   9.8465642579177004e-02
   1.5865529471005096e-01   4.8465716193130892e-02   6.7542232623765353e-02   5.6571460978616517e-01   6.1156504107710674e-02   9.8465642579177004e-02
   1.5865529471005096e-01   4.8465716193130892e-02   6.7542232623765353e-02   5.6571460978616517e-01   6.1156504107710674e-02   9.8465642579177004e-02
   1.5865529471005096e-01   4.8465716193130892e-02   6.7542232623765353e-02   5.6571460978616517e-01   6.1156504107710674e-02   9.8465642579177004e-02
   1.5865529471005096e-01   4.8465716193130892e-02   6.7542232623765353e-02   5.6571460978616517e-01   6.1156504107710674e-02   9.8465642579177004e-02
   1.5865529471005096e-01   4.8465716193130892e-02   6.7542232623765353e-02   5.6571460978616517e-01   6.1156504107710674e-02   9.8465642579177004e-02
   1.5865529471005096e-01   4.8465716193130892e-02   6.7542232623765353e-02   5.6571460978616517e-01   6.1156504107710674e-02   9.8465642579177004e-02
   1.5865529471005096e-01   4.8465716193130892e-02   6.7542232623765353e-02   5.6571460978616517e-01   6.1156504107710674e-02   9.8465642579177004e-02
   1.5865529471005096e-01   4.8465716193130892e-02   6.7542232623765353e-02   5.6571460978616517e-01   6.1156504107710674e-02   9.8465642579177004e-02
   1.5865529471005096e-01   4.8465716193130892e-02   6.7542232623765353e-02   5.6571460978616517e-01   6.1156504107710674e-02   9.8465642579177004e-02
   1.5865529471005096e-01   4.8465716193130892e-02   6.7542232623765353e-02   5.6571460978616517e-01   6.1156504107710674e-02   9.8465642579177004e-02
   1.5865529471005096e-01   4.8465716193130892e-02   6.7542232623765353e-02   5.6571460978616517e-01   6.1156504107710674e-02   9.8465642579177004e-02
