ARMA_MAT_TXT_FN008
32 5
   8.4134461332713606e-01   6.4386817437688260e-02   2.8344521455755722e-02   1.6615522512729575e-02   4.9308525266690384e-02
   8.4134461332713606e-01   6.4386817437688260e-02   2.8344521455755722e-02   1.6615522512729575e-02   4.9308525266690384e-02
   8.4134461332713606e-01   6.4386817437688260e-02   2.8344521455755722e-02   1.6615522512729575e-02   4.9308525266690384e-02
   8.4134461332713606e-01   6.4386817437688260e-02   2.8344521455755722e-02   1.6615522512729575e-02   4.9308525266690384e-02
   1.5865512119012298e-01   8.7991272072778848e-02   6.4308306555222905e-02   5.2813488843402423e-02   6.3623181133847284e-01
   1.5865512119012298e-01   8.7991272072778848e-02   6.4308306555222905e-02   5.2813488843402423e-02   6.3623181133847284e-01
   1.5865512119012298e-01   8.7991272072778848e-02   6.4308306555222905e-02   5.2813488843402423e-02   6.3623181133847284e-01
   1.5865512119012298e-01   8.7991272072778848e-02   6.4308306555222905e-02   5.2813488843402423e-02   6.3623181133847284e-01
   8.4134461332713606e-01   6.4386817437688260e-02   2.8344521455755722e-02   1.6615522512729575e-02   4.9308525266690384e-02
   8.4134461332713606e-01   6.4386817437688260e-02   2.8344521455755722e-02   1.6615522512729575e-02   4.9308525266690384e-02
   8.4134461332713606e-01   6.4386817437688260e-02   2.8344521455755722e-02   1.6615522512729575e-02   4.9308525266690384e-02
   8.4134461332713606e-01   6.4386817437688260e-02   2.8344521455755722e-02   1.6615522512729575e-02   4.9308525266690384e-02
   1.5865512119012298e-01   8.7991272072778848e-02   6.4308306555222905e-02   5.2813488843402423e-02   6.3623181133847284e-01
   1.5865512119012298e-01   8.7991272072778848e-02   6.4308306555222905e-02   5.2813488843402423e-02   6.3623181133847284e-01
   1.5865512119012298e-01   8.7991272072778848e-02   6.4308306555222905e-02   5.2813488843402423e-02   6.3623181133847284e-01
   1.5865512119012298e-01   8.7991272072778848e-02   6.4308306555222905e-02   5.2813488843402423e-02   6.3623181133847284e-01
   8.4134461332713606e-01   6.4386817437688260e-02   2.8344521455755722e-02   1.6615522512729575e-02   4.9308525266690384e-02
   8.4134461332713606e-01   6.4386817437688260e-02   2.8344521455755722e-02   1.6615522512729575e-02   4.9308525266690384e-02
   8.4134461332713606e-01   6.4386817437688260e-02   2.8344521455755722e-02   1.6615522512729575e-02   4.9308525266690384e-02
   8.4134461332713606e-01   6.4386817437688260e-02   2.8344521455755722e-02   1.6615522512729575e-02   4.9308525266690384e-02
   1.5865512119012298e-01   8.7991272072778848e-02   6.4308306555222905e-02   5.2813488843402423e-02   6.3623181133847284e-01
   1.5865512119012298e-01   8.7991272072778848e-02   6.4308306555222905e-02   5.2813488843402423e-02   6.3623181133847284e-01
   1.5865512119012298e-01   8.7991272072778848e-02   6.4308306555222905e-02   5.2813488843402423e-02   6.3623181133847284e-01
   1.5865512119012298e-01   8.7991272072778848e-02   6.4308306555222905e-02   5.2813488843402423e-02   6.3623181133847284e-01
   8.4134461332713606e-01   6.4386817437688260e-02   2.8344521455755722e-02   1.6615522512729575e-02   4.9308525266690384e-02
   8.4134461332713606e-01   6.4386817437688260e-02   2.8344521455755722e-02   1.6615522512729575e-02   4.9308525266690384e-02
   8.4134461332713606e-01   6.4386817437688260e-02   2.8344521455755722e-02   1.6615522512729575e-02   4.9308525266690384e-02
   8.4134461332713606e-01   6.4386817437688260e-02   2.8344521455755722e-02   1.6615522512729575e-02   4.9308525266690384e-02
   1.5865512119012298e-01   8.7991272072778848e-02   6.4308306555222905e-02   5.2813488843402423e-02   6.3623181133847284e-01
   1.5865512119012298e-01   8.7991272072778848e-02   6.4308306555222905e-02   5.2813488843402423e-02   6.3623181133847284e-01
   1.5865512119012298e-01   8.7991272072778848e-02   6.4308306555222905e-02   5.2813488843402423e-02   6.3623181133847284e-01
   1.5865512119012298e-01   8.7991272072778848e-02   6.4308306555222905e-02   5.2813488843402423e-02   6.3623181133847284e-01
