ARMA_MAT_TXT_FN008
9 5
   8.4134474533442971e-01   1.4433447865950899e-01   1.2970778592867327e-02   1.2805223379819264e-03   6.9475075212044324e-05
   8.4134474533442971e-01   1.4433447865950899e-01   1.2970778592867327e-02   1.2805223379819264e-03   6.9475075212044324e-05
   8.4134474533442971e-01   1.4433447865950899e-01   1.2970778592867327e-02   1.2805223379819264e-03   6.9475075212044324e-05
   1.5865525319734386e-01   4.1605741483194902e-01   2.6662665211138381e-01   1.2351508192715221e-01   3.5145597932171091e-02
   1.5865525319734386e-01   4.1605741483194902e-01   2.6662665211138381e-01   1.2351508192715221e-01   3.5145597932171091e-02
   1.5865525319734386e-01   4.1605741483194902e-01   2.6662665211138381e-01   1.2351508192715221e-01   3.5145597932171091e-02
   1.3498980181843403e-03   3.3672973856166306e-02   1.2362695625090793e-01   2.6601633761962529e-01   5.7533383425511619e-01
   1.3498980181843403e-03   3.3672973856166306e-02   1.2362695625090793e-01   2.6601633761962529e-01   5.7533383425511619e-01
   1.3498980181843403e-03   3.3672973856166306e-02   1.2362695625090793e-01   2.6601633761962529e-01   5.7533383425511619e-01
