ARMA_MAT_TXT_FN008
8 4
   8.4134474643458868e-01   1.5244852018429633e-01   5.9774503742798801e-03   2.2928300683511260e-04
   8.4134474643458868e-01   1.5244852018429633e-01   5.9774503742798801e-03   2.2928300683511260e-04
   1.5865525429750282e-01   5.3286610651215982e-01   2.4216995665740659e-01   6.6308682532930763e-02
   1.5865525429750282e-01   5.3286610651215982e-01   2.4216995665740659e-01   6.6308682532930763e-02
   1.5865525429750282e-01   5.3286610651215982e-01   2.4216995665740659e-01   6.6308682532930763e-02
   1.5865525429750282e-01   5.3286610651215982e-01   2.4216995665740659e-01   6.6308682532930763e-02
   3.1671242035574019e-05   6.1809272549746344e-03   6.1096016455269492e-02   9.3269138504772031e-01
   3.1671242035574019e-05   6.1809272549746344e-03   6.1096016455269492e-02   9.3269138504772031e-01
