ARMA_MAT_TXT_FN008
8 6
   8.4134478684725078e-01   6.8256030166439441e-02   5.2507583105463995e-02   3.7331157188041364e-02   4.3874779910735295e-04   1.2169489369706632e-04
   1.5865529471017165e-01   9.5426748661827820e-02   1.5717795477486463e-01   4.8459530037611498e-01   5.6597592625380666e-02   4.7547108851640263e-02
   8.4134478684725078e-01   6.8256030166439441e-02   5.2507583105463995e-02   3.7331157188041364e-02   4.3874779910735295e-04   1.2169489369706632e-04
   1.5865529471017165e-01   9.5426748661827820e-02   1.5717795477486463e-01   4.8459530037611498e-01   5.6597592625380666e-02   4.7547108851640263e-02
   8.4134478684725078e-01   6.8256030166439441e-02   5.2507583105463995e-02   3.7331157188041364e-02   4.3874779910735295e-04   1.2169489369706632e-04
   1.5865529471017165e-01   9.5426748661827820e-02   1.5717795477486463e-01   4.8459530037611498e-01   5.6597592625380666e-02   4.7547108851640263e-02
   8.4134478684725078e-01   6.8256030166439441e-02   5.2507583105463995e-02   3.7331157188041364e-02   4.3874779910735295e-04   1.2169489369706632e-04
   1.5865529471017165e-01   9.5426748661827820e-02   1.5717795477486463e-01   4.8459530037611498e-01   5.6597592625380666e-02   4.7547108851640263e-02
