ARMA_MAT_TXT_FN008
27 6
   8.9017585924261200e-01   1.0891033481268075e-01   9.1045001702438899e-04   3.3558395176047640e-06   8.8165252876137856e-11   0.0000000000000000e+00
   2.1989848761552494e-01   6.4808378616795137e-01   1.2585396057229326e-01   6.1578495287001322e-03   5.9161155272491328e-06   3.1086244689504383e-15
   2.7810674964035258e-03   1.8581108565039320e-01   5.0379465154619907e-01   2.9897228447897772e-01   8.6409074594376856e-03   3.3685888523038443e-09
   8.9017585924261200e-01   1.0891033481268075e-01   9.1045001702438899e-04   3.3558395176047640e-06   8.8165252876137856e-11   0.0000000000000000e+00
   2.1989848761552494e-01   6.4808378616795137e-01   1.2585396057229326e-01   6.1578495287001322e-03   5.9161155272491328e-06   3.1086244689504383e-15
   2.7810674964035258e-03   1.8581108565039320e-01   5.0379465154619907e-01   2.9897228447897772e-01   8.6409074594376856e-03   3.3685888523038443e-09
   8.9017585924261200e-01   1.0891033481268075e-01   9.1045001702438899e-04   3.3558395176047640e-06   8.8165252876137856e-11   0.0000000000000000e+00
   2.1989848761552494e-01   6.4808378616795137e-01   1.2585396057229326e-01   6.1578495287001322e-03   5.9161155272491328e-06   3.1086244689504383e-15
   2.7810674964035258e-03   1.8581108565039320e-01   5.0379465154619907e-01   2.9897228447897772e-01   8.6409074594376856e-03   3.3685888523038443e-09
   2.1989848761552494e-01   6.4808378616795137e-01   1.2585396057229326e-01   6.1578495287001322e-03   5.9161155272491328e-06   3.1086244689504383e-15
   8.0798288720812037e-05   2.9762868918644186e-02   2.7961942995976241e-01   6.0684459125614898e-01   8.3691507676260879e-02   8.0390046275358173e-07
   6.3272107958407732e-12   5.2215816008088763e-07   2.3441021148813216e-04   5.2451748374898556e-02   9.1117312780739002e-01   3.6140191441735969e-02
   2.1989848761552494e-01   6.4808378616795137e-01   1.2585396057229326e-01   6.1578495287001322e-03   5.9161155272491328e-06   3.1086244689504383e-15
   8.0798288720812037e-05   2.9762868918644186e-02   2.7961942995976241e-01   6.0684459125614898e-01   8.3691507676260879e-02   8.0390046275358173e-07
   6.3272107958407732e-12   5.2215816008088763e-07   2.3441021148813216e-04   5.2451748374898556e-02   9.1117312780739002e-01   3.6140191441735969e-02
   2.1989848761552494e-01   6.4808378616795137e-01   1.2585396057229326e-01   6.1578495287001322e-03   5.9161155272491328e-06   3.1086244689504383e-15
   8.0798288720812037e-05   2.9762868918644186e-02   2.7961942995976241e-01   6.0684459125614898e-01   8.3691507676260879e-02   8.0390046275358173e-07
   6.3272107958407732e-12   5.2215816008088763e-07   2.3441021148813216e-04   5.2451748374898556e-02   9.1117312780739002e-01   3.6140191441735969e-02
   2.7810674964035258e-03   1.8581108565039320e-01   5.0379465154619907e-01   2.9897228447897772e-01   8.6409074594376856e-03   3.3685888523038443e-09
   6.3272107958407732e-12   5.2215816008088763e-07   2.3441021148813216e-04   5.2451748374898556e-02   9.1117312780739002e-01   3.6140191441735969e-02
   2.3201992823490709e-27   3.2512347229089289e-19   3.2554481952737587e-14   9.5841846580534256e-09   1.3809635012148108e-02   9.8619035540363464e-01
   2.7810674964035258e-03   1.8581108565039320e-01   5.0379465154619907e-01   2.9897228447897772e-01   8.6409074594376856e-03   3.3685888523038443e-09
   6.3272107958407732e-12   5.2215816008088763e-07   2.3441021148813216e-04   5.2451748374898556e-02   9.1117312780739002e-01   3.6140191441735969e-02
   2.3201992823490709e-27   3.2512347229089289e-19   3.2554481952737587e-14   9.5841846580534256e-09   1.3809635012148108e-02   9.8619035540363464e-01
   2.7810674964035258e-03   1.8581108565039320e-01   5.0379465154619907e-01   2.9897228447897772e-01   8.6409074594376856e-03   3.3685888523038443e-09
   6.3272107958407732e-12   5.2215816008088763e-07   2.3441021148813216e-04   5.2451748374898556e-02   9.1117312780739002e-01   3.6140191441735969e-02
   2.3201992823490709e-27   3.2512347229089289e-19   3.2554481952737587e-14   9.5841846580534256e-09   1.3809635012148108e-02   9.8619035540363464e-01
