ARMA_MAT_TXT_FN008
27 4
   8.4041322043182587e-01   1.4220334675803803e-01   1.6083464326765773e-02   1.2999684833703284e-03
   8.4041322043182587e-01   1.4220334675803803e-01   1.6083464326765773e-02   1.2999684833703284e-03
   8.4041322043182587e-01   1.4220334675803803e-01   1.6083464326765773e-02   1.2999684833703284e-03
   8.4041322043182587e-01   1.4220334675803803e-01   1.6083464326765773e-02   1.2999684833703284e-03
   8.4041322043182587e-01   1.4220334675803803e-01   1.6083464326765773e-02   1.2999684833703284e-03
   8.4041322043182587e-01   1.4220334675803803e-01   1.6083464326765773e-02   1.2999684833703284e-03
   8.4041322043182587e-01   1.4220334675803803e-01   1.6083464326765773e-02   1.2999684833703284e-03
   8.4041322043182587e-01   1.4220334675803803e-01   1.6083464326765773e-02   1.2999684833703284e-03
   8.4041322043182587e-01   1.4220334675803803e-01   1.6083464326765773e-02   1.2999684833703284e-03
   1.5772730068270585e-01   3.8648965041430966e-01   2.9988515829777918e-01   1.5589789060520531e-01
   1.5772730068270585e-01   3.8648965041430966e-01   2.9988515829777918e-01   1.5589789060520531e-01
   1.5772730068270585e-01   3.8648965041430966e-01   2.9988515829777918e-01   1.5589789060520531e-01
   1.5772730068270585e-01   3.8648965041430966e-01   2.9988515829777918e-01   1.5589789060520531e-01
   1.5772730068270585e-01   3.8648965041430966e-01   2.9988515829777918e-01   1.5589789060520531e-01
   1.5772730068270585e-01   3.8648965041430966e-01   2.9988515829777918e-01   1.5589789060520531e-01
   1.5772730068270585e-01   3.8648965041430966e-01   2.9988515829777918e-01   1.5589789060520531e-01
   1.5772730068270585e-01   3.8648965041430966e-01   2.9988515829777918e-01   1.5589789060520531e-01
   1.5772730068270585e-01   3.8648965041430966e-01   2.9988515829777918e-01   1.5589789060520531e-01
   1.3329670713417945e-03   2.8117192975915348e-02   1.3199424112360381e-01   8.3855559882913910e-01
   1.3329670713417945e-03   2.8117192975915348e-02   1.3199424112360381e-01   8.3855559882913910e-01
   1.3329670713417945e-03   2.8117192975915348e-02   1.3199424112360381e-01   8.3855559882913910e-01
   1.3329670713417945e-03   2.8117192975915348e-02   1.3199424112360381e-01   8.3855559882913910e-01
   1.3329670713417945e-03   2.8117192975915348e-02   1.3199424112360381e-01   8.3855559882913910e-01
   1.3329670713417945e-03   2.8117192975915348e-02   1.3199424112360381e-01   8.3855559882913910e-01
   1.3329670713417945e-03   2.8117192975915348e-02   1.3199424112360381e-01   8.3855559882913910e-01
   1.3329670713417945e-03   2.8117192975915348e-02   1.3199424112360381e-01   8.3855559882913910e-01
   1.3329670713417945e-03   2.8117192975915348e-02   1.3199424112360381e-01   8.3855559882913910e-01
