ARMA_MAT_TXT_FN008
27 6
   8.4134474496611489e-01   1.0380250082032128e-01   3.3684718834589900e-02   1.4284998643529501e-02   5.5331387027117707e-03   1.3498980327326660e-03
   8.4134474496611489e-01   1.0380250082032128e-01   3.3684718834589900e-02   1.4284998643529501e-02   5.5331387027117707e-03   1.3498980327326660e-03
   8.4134474496611489e-01   1.0380250082032128e-01   3.3684718834589900e-02   1.4284998643529501e-02   5.5331387027117707e-03   1.3498980327326660e-03
   1.5865525282902909e-01   1.8574558926745444e-01   1.6764594521533499e-01   1.6638221714726908e-01   1.6291574154925781e-01   1.5865525399165459e-01
   1.5865525282902909e-01   1.8574558926745444e-01   1.6764594521533499e-01   1.6638221714726908e-01   1.6291574154925781e-01   1.5865525399165459e-01
   1.5865525282902909e-01   1.8574558926745444e-01   1.6764594521533499e-01   1.6638221714726908e-01   1.6291574154925781e-01   1.5865525399165459e-01
   1.3498980114384214e-03   6.8368544134401379e-03   1.6243976604514931e-02   3.7753923630283674e-02   9.6470601211582283e-02   8.4134474612874055e-01
   1.3498980114384214e-03   6.8368544134401379e-03   1.6243976604514931e-02   3.7753923630283674e-02   9.6470601211582283e-02   8.4134474612874055e-01
   1.3498980114384214e-03   6.8368544134401379e-03   1.6243976604514931e-02   3.7753923630283674e-02   9.6470601211582283e-02   8.4134474612874055e-01
   8.4134474496611489e-01   1.0380250082032128e-01   3.3684718834589900e-02   1.4284998643529501e-02   5.5331387027117707e-03   1.3498980327326660e-03
   8.4134474496611489e-01   1.0380250082032128e-01   3.3684718834589900e-02   1.4284998643529501e-02   5.5331387027117707e-03   1.3498980327326660e-03
   8.4134474496611489e-01   1.0380250082032128e-01   3.3684718834589900e-02   1.4284998643529501e-02   5.5331387027117707e-03   1.3498980327326660e-03
   1.5865525282902909e-01   1.8574558926745444e-01   1.6764594521533499e-01   1.6638221714726908e-01   1.6291574154925781e-01   1.5865525399165459e-01
   1.5865525282902909e-01   1.8574558926745444e-01   1.6764594521533499e-01   1.6638221714726908e-01   1.6291574154925781e-01   1.5865525399165459e-01
   1.5865525282902909e-01   1.8574558926745444e-01   1.6764594521533499e-01   1.6638221714726908e-01   1.6291574154925781e-01   1.5865525399165459e-01
   1.3498980114384214e-03   6.8368544134401379e-03   1.6243976604514931e-02   3.7753923630283674e-02   9.6470601211582283e-02   8.4134474612874055e-01
   1.3498980114384214e-03   6.8368544134401379e-03   1.6243976604514931e-02   3.7753923630283674e-02   9.6470601211582283e-02   8.4134474612874055e-01
   1.3498980114384214e-03   6.8368544134401379e-03   1.6243976604514931e-02   3.7753923630283674e-02   9.6470601211582283e-02   8.4134474612874055e-01
   8.4134474496611489e-01   1.0380250082032128e-01   3.3684718834589900e-02   1.4284998643529501e-02   5.5331387027117707e-03   1.3498980327326660e-03
   8.4134474496611489e-01   1.0380250082032128e-01   3.3684718834589900e-02   1.4284998643529501e-02   5.5331387027117707e-03   1.3498980327326660e-03
   8.4134474496611489e-01   1.0380250082032128e-01   3.3684718834589900e-02   1.4284998643529501e-02   5.5331387027117707e-03   1.3498980327326660e-03
   1.5865525282902909e-01   1.8574558926745444e-01   1.6764594521533499e-01   1.6638221714726908e-01   1.6291574154925781e-01   1.5865525399165459e-01
   1.5865525282902909e-01   1.8574558926745444e-01   1.6764594521533499e-01   1.6638221714726908e-01   1.6291574154925781e-01   1.5865525399165459e-01
   1.5865525282902909e-01   1.8574558926745444e-01   1.6764594521533499e-01   1.6638221714726908e-01   1.6291574154925781e-01   1.5865525399165459e-01
   1.3498980114384214e-03   6.8368544134401379e-03   1.6243976604514931e-02   3.7753923630283674e-02   9.6470601211582283e-02   8.4134474612874055e-01
   1.3498980114384214e-03   6.8368544134401379e-03   1.6243976604514931e-02   3.7753923630283674e-02   9.6470601211582283e-02   8.4134474612874055e-01
   1.3498980114384214e-03   6.8368544134401379e-03   1.6243976604514931e-02   3.7753923630283674e-02   9.6470601211582283e-02   8.4134474612874055e-01
