ARMA_MAT_TXT_FN008
8 4
   8.4134475164005307e-01   6.1200553857648443e-02   3.3446512364171954e-02   6.4008182138126535e-02
   8.4134475164005307e-01   6.1200553857648443e-02   3.3446512364171954e-02   6.4008182138126535e-02
   8.4134475164005307e-01   6.1200553857648443e-02   3.3446512364171954e-02   6.4008182138126535e-02
   8.4134475164005307e-01   6.1200553857648443e-02   3.3446512364171954e-02   6.4008182138126535e-02
   1.5865525950296727e-01   8.2120876226309647e-02   7.5538622374857589e-02   6.8368524189586544e-01
   1.5865525950296727e-01   8.2120876226309647e-02   7.5538622374857589e-02   6.8368524189586544e-01
   1.5865525950296727e-01   8.2120876226309647e-02   7.5538622374857589e-02   6.8368524189586544e-01
   1.5865525950296727e-01   8.2120876226309647e-02   7.5538622374857589e-02   6.8368524189586544e-01
