ARMA_MAT_TXT_FN008
81 6
   8.9017585924250220e-01   1.0891033481279921e-01   9.1045001701572925e-04   3.3558395176047640e-06   8.8165252876137856e-11   0.0000000000000000e+00
   2.1989848761535202e-01   6.4808378616872186e-01   1.2585396057169296e-01   6.1578495287027968e-03   5.9161155272491328e-06   3.1086244689504383e-15
   2.7810674963985368e-03   1.8581108565115304e-01   5.0379465154539194e-01   2.9897228447905089e-01   8.6409074594168134e-03   3.3685888523038443e-09
   8.9017585924250220e-01   1.0891033481279921e-01   9.1045001701572925e-04   3.3558395176047640e-06   8.8165252876137856e-11   0.0000000000000000e+00
   2.1989848761535202e-01   6.4808378616872186e-01   1.2585396057169296e-01   6.1578495287027968e-03   5.9161155272491328e-06   3.1086244689504383e-15
   2.7810674963985368e-03   1.8581108565115304e-01   5.0379465154539194e-01   2.9897228447905089e-01   8.6409074594168134e-03   3.3685888523038443e-09
   8.9017585924250220e-01   1.0891033481279921e-01   9.1045001701572925e-04   3.3558395176047640e-06   8.8165252876137856e-11   0.0000000000000000e+00
   2.1989848761535202e-01   6.4808378616872186e-01   1.2585396057169296e-01   6.1578495287027968e-03   5.9161155272491328e-06   3.1086244689504383e-15
   2.7810674963985368e-03   1.8581108565115304e-01   5.0379465154539194e-01   2.9897228447905089e-01   8.6409074594168134e-03   3.3685888523038443e-09
   2.1989848761535202e-01   6.4808378616872186e-01   1.2585396057169296e-01   6.1578495287027968e-03   5.9161155272491328e-06   3.1086244689504383e-15
   8.0798288720623060e-05   2.9762868918833684e-02   2.7961942995952066e-01   6.0684459125633816e-01   8.3691507676124099e-02   8.0390046275358173e-07
   6.3272107958152082e-12   5.2215816008828900e-07   2.3441021148799365e-04   5.2451748374994202e-02   9.1117312780727022e-01   3.6140191441760283e-02
   2.1989848761535202e-01   6.4808378616872186e-01   1.2585396057169296e-01   6.1578495287027968e-03   5.9161155272491328e-06   3.1086244689504383e-15
   8.0798288720623060e-05   2.9762868918833684e-02   2.7961942995952066e-01   6.0684459125633816e-01   8.3691507676124099e-02   8.0390046275358173e-07
   6.3272107958152082e-12   5.2215816008828900e-07   2.3441021148799365e-04   5.2451748374994202e-02   9.1117312780727022e-01   3.6140191441760283e-02
   2.1989848761535202e-01   6.4808378616872186e-01   1.2585396057169296e-01   6.1578495287027968e-03   5.9161155272491328e-06   3.1086244689504383e-15
   8.0798288720623060e-05   2.9762868918833684e-02   2.7961942995952066e-01   6.0684459125633816e-01   8.3691507676124099e-02   8.0390046275358173e-07
   6.3272107958152082e-12   5.2215816008828900e-07   2.3441021148799365e-04   5.2451748374994202e-02   9.1117312780727022e-01   3.6140191441760283e-02
   2.7810674963985368e-03   1.8581108565115304e-01   5.0379465154539194e-01   2.9897228447905089e-01   8.6409074594168134e-03   3.3685888523038443e-09
   6.3272107958152082e-12   5.2215816008828900e-07   2.3441021148799365e-04   5.2451748374994202e-02   9.1117312780727022e-01   3.6140191441760283e-02
   2.3201992823343072e-27   3.2512347229905503e-19   3.2554481952700397e-14   9.5841846581026809e-09   1.3809635012137266e-02   9.8619035540364552e-01
   2.7810674963985368e-03   1.8581108565115304e-01   5.0379465154539194e-01   2.9897228447905089e-01   8.6409074594168134e-03   3.3685888523038443e-09
   6.3272107958152082e-12   5.2215816008828900e-07   2.3441021148799365e-04   5.2451748374994202e-02   9.1117312780727022e-01   3.6140191441760283e-02
   2.3201992823343072e-27   3.2512347229905503e-19   3.2554481952700397e-14   9.5841846581026809e-09   1.3809635012137266e-02   9.8619035540364552e-01
   2.7810674963985368e-03   1.8581108565115304e-01   5.0379465154539194e-01   2.9897228447905089e-01   8.6409074594168134e-03   3.3685888523038443e-09
   6.3272107958152082e-12   5.2215816008828900e-07   2.3441021148799365e-04   5.2451748374994202e-02   9.1117312780727022e-01   3.6140191441760283e-02
   2.3201992823343072e-27   3.2512347229905503e-19   3.2554481952700397e-14   9.5841846581026809e-09   1.3809635012137266e-02   9.8619035540364552e-01
   8.9017585924250220e-01   1.0891033481279921e-01   9.1045001701572925e-04   3.3558395176047640e-06   8.8165252876137856e-11   0.0000000000000000e+00
   2.1989848761535202e-01   6.4808378616872186e-01   1.2585396057169296e-01   6.1578495287027968e-03   5.9161155272491328e-06   3.1086244689504383e-15
   2.7810674963985368e-03   1.8581108565115304e-01   5.0379465154539194e-01   2.9897228447905089e-01   8.6409074594168134e-03   3.3685888523038443e-09
   8.9017585924250220e-01   1.0891033481279921e-01   9.1045001701572925e-04   3.3558395176047640e-06   8.8165252876137856e-11   0.0000000000000000e+00
   2.1989848761535202e-01   6.4808378616872186e-01   1.2585396057169296e-01   6.1578495287027968e-03   5.9161155272491328e-06   3.1086244689504383e-15
   2.7810674963985368e-03   1.8581108565115304e-01   5.0379465154539194e-01   2.9897228447905089e-01   8.6409074594168134e-03   3.3685888523038443e-09
   8.9017585924250220e-01   1.0891033481279921e-01   9.1045001701572925e-04   3.3558395176047640e-06   8.8165252876137856e-11   0.0000000000000000e+00
   2.1989848761535202e-01   6.4808378616872186e-01   1.2585396057169296e-01   6.1578495287027968e-03   5.9161155272491328e-06   3.1086244689504383e-15
   2.7810674963985368e-03   1.8581108565115304e-01   5.0379465154539194e-01   2.9897228447905089e-01   8.6409074594168134e-03   3.3685888523038443e-09
   2.1989848761535202e-01   6.4808378616872186e-01   1.2585396057169296e-01   6.1578495287027968e-03   5.9161155272491328e-06   3.1086244689504383e-15
   8.0798288720623060e-05   2.9762868918833684e-02   2.7961942995952066e-01   6.0684459125633816e-01   8.3691507676124099e-02   8.0390046275358173e-07
   6.3272107958152082e-12   5.2215816008828900e-07   2.3441021148799365e-04   5.2451748374994202e-02   9.1117312780727022e-01   3.6140191441760283e-02
   2.1989848761535202e-01   6.4808378616872186e-01   1.2585396057169296e-01   6.1578495287027968e-03   5.9161155272491328e-06   3.1086244689504383e-15
   8.0798288720623060e-05   2.9762868918833684e-02   2.7961942995952066e-01   6.0684459125633816e-01   8.3691507676124099e-02   8.0390046275358173e-07
   6.3272107958152082e-12   5.2215816008828900e-07   2.3441021148799365e-04   5.2451748374994202e-02   9.1117312780727022e-01   3.6140191441760283e-02
   2.1989848761535202e-01   6.4808378616872186e-01   1.2585396057169296e-01   6.1578495287027968e-03   5.9161155272491328e-06   3.1086244689504383e-15
   8.0798288720623060e-05   2.9762868918833684e-02   2.7961942995952066e-01   6.0684459125633816e-01   8.3691507676124099e-02   8.0390046275358173e-07
   6.3272107958152082e-12   5.2215816008828900e-07   2.3441021148799365e-04   5.2451748374994202e-02   9.1117312780727022e-01   3.6140191441760283e-02
   2.7810674963985368e-03   1.8581108565115304e-01   5.0379465154539194e-01   2.9897228447905089e-01   8.6409074594168134e-03   3.3685888523038443e-09
   6.3272107958152082e-12   5.2215816008828900e-07   2.3441021148799365e-04   5.2451748374994202e-02   9.1117312780727022e-01   3.6140191441760283e-02
   2.3201992823343072e-27   3.2512347229905503e-19   3.2554481952700397e-14   9.5841846581026809e-09   1.3809635012137266e-02   9.8619035540364552e-01
   2.7810674963985368e-03   1.8581108565115304e-01   5.0379465154539194e-01   2.9897228447905089e-01   8.6409074594168134e-03   3.3685888523038443e-09
   6.3272107958152082e-12   5.2215816008828900e-07   2.3441021148799365e-04   5.2451748374994202e-02   9.1117312780727022e-01   3.6140191441760283e-02
   2.3201992823343072e-27   3.2512347229905503e-19   3.2554481952700397e-14   9.5841846581026809e-09   1.3809635012137266e-02   9.8619035540364552e-01
   2.7810674963985368e-03   1.8581108565115304e-01   5.0379465154539194e-01   2.9897228447905089e-01   8.6409074594168134e-03   3.3685888523038443e-09
   6.3272107958152082e-12   5.2215816008828900e-07   2.3441021148799365e-04   5.2451748374994202e-02   9.1117312780727022e-01   3.6140191441760283e-02
   2.3201992823343072e-27   3.2512347229905503e-19   3.2554481952700397e-14   9.5841846581026809e-09   1.3809635012137266e-02   9.8619035540364552e-01
   8.9017585924250220e-01   1.0891033481279921e-01   9.1045001701572925e-04   3.3558395176047640e-06   8.8165252876137856e-11   0.0000000000000000e+00
   2.1989848761535202e-01   6.4808378616872186e-01   1.2585396057169296e-01   6.1578495287027968e-03   5.9161155272491328e-06   3.1086244689504383e-15
   2.7810674963985368e-03   1.8581108565115304e-01   5.0379465154539194e-01   2.9897228447905089e-01   8.6409074594168134e-03   3.3685888523038443e-09
   8.9017585924250220e-01   1.0891033481279921e-01   9.1045001701572925e-04   3.3558395176047640e-06   8.8165252876137856e-11   0.0000000000000000e+00
   2.1989848761535202e-01   6.4808378616872186e-01   1.2585396057169296e-01   6.1578495287027968e-03   5.9161155272491328e-06   3.1086244689504383e-15
   2.7810674963985368e-03   1.8581108565115304e-01   5.0379465154539194e-01   2.9897228447905089e-01   8.6409074594168134e-03   3.3685888523038443e-09
   8.9017585924250220e-01   1.0891033481279921e-01   9.1045001701572925e-04   3.3558395176047640e-06   8.8165252876137856e-11   0.0000000000000000e+00
   2.1989848761535202e-01   6.4808378616872186e-01   1.2585396057169296e-01   6.1578495287027968e-03   5.9161155272491328e-06   3.1086244689504383e-15
   2.7810674963985368e-03   1.8581108565115304e-01   5.0379465154539194e-01   2.9897228447905089e-01   8.6409074594168134e-03   3.3685888523038443e-09
   2.1989848761535202e-01   6.4808378616872186e-01   1.2585396057169296e-01   6.1578495287027968e-03   5.9161155272491328e-06   3.1086244689504383e-15
   8.0798288720623060e-05   2.9762868918833684e-02   2.7961942995952066e-01   6.0684459125633816e-01   8.3691507676124099e-02   8.0390046275358173e-07
   6.3272107958152082e-12   5.2215816008828900e-07   2.3441021148799365e-04   5.2451748374994202e-02   9.1117312780727022e-01   3.6140191441760283e-02
   2.1989848761535202e-01   6.4808378616872186e-01   1.2585396057169296e-01   6.1578495287027968e-03   5.9161155272491328e-06   3.1086244689504383e-15
   8.0798288720623060e-05   2.9762868918833684e-02   2.7961942995952066e-01   6.0684459125633816e-01   8.3691507676124099e-02   8.0390046275358173e-07
   6.3272107958152082e-12   5.2215816008828900e-07   2.3441021148799365e-04   5.2451748374994202e-02   9.1117312780727022e-01   3.6140191441760283e-02
   2.1989848761535202e-01   6.4808378616872186e-01   1.2585396057169296e-01   6.1578495287027968e-03   5.9161155272491328e-06   3.1086244689504383e-15
   8.0798288720623060e-05   2.9762868918833684e-02   2.7961942995952066e-01   6.0684459125633816e-01   8.3691507676124099e-02   8.0390046275358173e-07
   6.3272107958152082e-12   5.2215816008828900e-07   2.3441021148799365e-04   5.2451748374994202e-02   9.1117312780727022e-01   3.6140191441760283e-02
   2.7810674963985368e-03   1.8581108565115304e-01   5.0379465154539194e-01   2.9897228447905089e-01   8.6409074594168134e-03   3.3685888523038443e-09
   6.3272107958152082e-12   5.2215816008828900e-07   2.3441021148799365e-04   5.2451748374994202e-02   9.1117312780727022e-01   3.6140191441760283e-02
   2.3201992823343072e-27   3.2512347229905503e-19   3.2554481952700397e-14   9.5841846581026809e-09   1.3809635012137266e-02   9.8619035540364552e-01
   2.7810674963985368e-03   1.8581108565115304e-01   5.0379465154539194e-01   2.9897228447905089e-01   8.6409074594168134e-03   3.3685888523038443e-09
   6.3272107958152082e-12   5.2215816008828900e-07   2.3441021148799365e-04   5.2451748374994202e-02   9.1117312780727022e-01   3.6140191441760283e-02
   2.3201992823343072e-27   3.2512347229905503e-19   3.2554481952700397e-14   9.5841846581026809e-09   1.3809635012137266e-02   9.8619035540364552e-01
   2.7810674963985368e-03   1.8581108565115304e-01   5.0379465154539194e-01   2.9897228447905089e-01   8.6409074594168134e-03   3.3685888523038443e-09
   6.3272107958152082e-12   5.2215816008828900e-07   2.3441021148799365e-04   5.2451748374994202e-02   9.1117312780727022e-01   3.6140191441760283e-02
   2.3201992823343072e-27   3.2512347229905503e-19   3.2554481952700397e-14   9.5841846581026809e-09   1.3809635012137266e-02   9.8619035540364552e-01
