ARMA_MAT_TXT_FN008
243 5
   9.1082680453955667e-01   8.9164229431076159e-02   8.9659393934793385e-06   8.9973695160949774e-11   0.0000000000000000e+00
   2.5651208473249021e-01   7.3245394933708097e-01   1.1027964791058498e-02   6.0011393679948455e-06   2.3314683517128287e-15
   3.9755882903071390e-03   6.0980894627488069e-01   3.7750134154511095e-01   8.7141212039938409e-03   2.6857074342245824e-09
   9.1082680453955667e-01   8.9164229431076159e-02   8.9659393934793385e-06   8.9973695160949774e-11   0.0000000000000000e+00
   2.5651208473249021e-01   7.3245394933708097e-01   1.1027964791058498e-02   6.0011393679948455e-06   2.3314683517128287e-15
   3.9755882903071390e-03   6.0980894627488069e-01   3.7750134154511095e-01   8.7141212039938409e-03   2.6857074342245824e-09
   9.1082680453955667e-01   8.9164229431076159e-02   8.9659393934793385e-06   8.9973695160949774e-11   0.0000000000000000e+00
   2.5651208473249021e-01   7.3245394933708097e-01   1.1027964791058498e-02   6.0011393679948455e-06   2.3314683517128287e-15
   3.9755882903071390e-03   6.0980894627488069e-01   3.7750134154511095e-01   8.7141212039938409e-03   2.6857074342245824e-09
   9.1082680453955667e-01   8.9164229431076159e-02   8.9659393934793385e-06   8.9973695160949774e-11   0.0000000000000000e+00
   2.5651208473249021e-01   7.3245394933708097e-01   1.1027964791058498e-02   6.0011393679948455e-06   2.3314683517128287e-15
   3.9755882903071390e-03   6.0980894627488069e-01   3.7750134154511095e-01   8.7141212039938409e-03   2.6857074342245824e-09
   9.1082680453955667e-01   8.9164229431076159e-02   8.9659393934793385e-06   8.9973695160949774e-11   0.0000000000000000e+00
   2.5651208473249021e-01   7.3245394933708097e-01   1.1027964791058498e-02   6.0011393679948455e-06   2.3314683517128287e-15
   3.9755882903071390e-03   6.0980894627488069e-01   3.7750134154511095e-01   8.7141212039938409e-03   2.6857074342245824e-09
   9.1082680453955667e-01   8.9164229431076159e-02   8.9659393934793385e-06   8.9973695160949774e-11   0.0000000000000000e+00
   2.5651208473249021e-01   7.3245394933708097e-01   1.1027964791058498e-02   6.0011393679948455e-06   2.3314683517128287e-15
   3.9755882903071390e-03   6.0980894627488069e-01   3.7750134154511095e-01   8.7141212039938409e-03   2.6857074342245824e-09
   9.1082680453955667e-01   8.9164229431076159e-02   8.9659393934793385e-06   8.9973695160949774e-11   0.0000000000000000e+00
   2.5651208473249021e-01   7.3245394933708097e-01   1.1027964791058498e-02   6.0011393679948455e-06   2.3314683517128287e-15
   3.9755882903071390e-03   6.0980894627488069e-01   3.7750134154511095e-01   8.7141212039938409e-03   2.6857074342245824e-09
   9.1082680453955667e-01   8.9164229431076159e-02   8.9659393934793385e-06   8.9973695160949774e-11   0.0000000000000000e+00
   2.5651208473249021e-01   7.3245394933708097e-01   1.1027964791058498e-02   6.0011393679948455e-06   2.3314683517128287e-15
   3.9755882903071390e-03   6.0980894627488069e-01   3.7750134154511095e-01   8.7141212039938409e-03   2.6857074342245824e-09
   9.1082680453955667e-01   8.9164229431076159e-02   8.9659393934793385e-06   8.9973695160949774e-11   0.0000000000000000e+00
   2.5651208473249021e-01   7.3245394933708097e-01   1.1027964791058498e-02   6.0011393679948455e-06   2.3314683517128287e-15
   3.9755882903071390e-03   6.0980894627488069e-01   3.7750134154511095e-01   8.7141212039938409e-03   2.6857074342245824e-09
   9.1082680453955667e-01   8.9164229431076159e-02   8.9659393934793385e-06   8.9973695160949774e-11   0.0000000000000000e+00
   2.5651208473249021e-01   7.3245394933708097e-01   1.1027964791058498e-02   6.0011393679948455e-06   2.3314683517128287e-15
   3.9755882903071390e-03   6.0980894627488069e-01   3.7750134154511095e-01   8.7141212039938409e-03   2.6857074342245824e-09
   9.1082680453955667e-01   8.9164229431076159e-02   8.9659393934793385e-06   8.9973695160949774e-11   0.0000000000000000e+00
   2.5651208473249021e-01   7.3245394933708097e-01   1.1027964791058498e-02   6.0011393679948455e-06   2.3314683517128287e-15
   3.9755882903071390e-03   6.0980894627488069e-01   3.7750134154511095e-01   8.7141212039938409e-03   2.6857074342245824e-09
   9.1082680453955667e-01   8.9164229431076159e-02   8.9659393934793385e-06   8.9973695160949774e-11   0.0000000000000000e+00
   2.5651208473249021e-01   7.3245394933708097e-01   1.1027964791058498e-02   6.0011393679948455e-06   2.3314683517128287e-15
   3.9755882903071390e-03   6.0980894627488069e-01   3.7750134154511095e-01   8.7141212039938409e-03   2.6857074342245824e-09
   9.1082680453955667e-01   8.9164229431076159e-02   8.9659393934793385e-06   8.9973695160949774e-11   0.0000000000000000e+00
   2.5651208473249021e-01   7.3245394933708097e-01   1.1027964791058498e-02   6.0011393679948455e-06   2.3314683517128287e-15
   3.9755882903071390e-03   6.0980894627488069e-01   3.7750134154511095e-01   8.7141212039938409e-03   2.6857074342245824e-09
   9.1082680453955667e-01   8.9164229431076159e-02   8.9659393934793385e-06   8.9973695160949774e-11   0.0000000000000000e+00
   2.5651208473249021e-01   7.3245394933708097e-01   1.1027964791058498e-02   6.0011393679948455e-06   2.3314683517128287e-15
   3.9755882903071390e-03   6.0980894627488069e-01   3.7750134154511095e-01   8.7141212039938409e-03   2.6857074342245824e-09
   9.1082680453955667e-01   8.9164229431076159e-02   8.9659393934793385e-06   8.9973695160949774e-11   0.0000000000000000e+00
   2.5651208473249021e-01   7.3245394933708097e-01   1.1027964791058498e-02   6.0011393679948455e-06   2.3314683517128287e-15
   3.9755882903071390e-03   6.0980894627488069e-01   3.7750134154511095e-01   8.7141212039938409e-03   2.6857074342245824e-09
   9.1082680453955667e-01   8.9164229431076159e-02   8.9659393934793385e-06   8.9973695160949774e-11   0.0000000000000000e+00
   2.5651208473249021e-01   7.3245394933708097e-01   1.1027964791058498e-02   6.0011393679948455e-06   2.3314683517128287e-15
   3.9755882903071390e-03   6.0980894627488069e-01   3.7750134154511095e-01   8.7141212039938409e-03   2.6857074342245824e-09
   9.1082680453955667e-01   8.9164229431076159e-02   8.9659393934793385e-06   8.9973695160949774e-11   0.0000000000000000e+00
   2.5651208473249021e-01   7.3245394933708097e-01   1.1027964791058498e-02   6.0011393679948455e-06   2.3314683517128287e-15
   3.9755882903071390e-03   6.0980894627488069e-01   3.7750134154511095e-01   8.7141212039938409e-03   2.6857074342245824e-09
   9.1082680453955667e-01   8.9164229431076159e-02   8.9659393934793385e-06   8.9973695160949774e-11   0.0000000000000000e+00
   2.5651208473249021e-01   7.3245394933708097e-01   1.1027964791058498e-02   6.0011393679948455e-06   2.3314683517128287e-15
   3.9755882903071390e-03   6.0980894627488069e-01   3.7750134154511095e-01   8.7141212039938409e-03   2.6857074342245824e-09
   9.1082680453955667e-01   8.9164229431076159e-02   8.9659393934793385e-06   8.9973695160949774e-11   0.0000000000000000e+00
   2.5651208473249021e-01   7.3245394933708097e-01   1.1027964791058498e-02   6.0011393679948455e-06   2.3314683517128287e-15
   3.9755882903071390e-03   6.0980894627488069e-01   3.7750134154511095e-01   8.7141212039938409e-03   2.6857074342245824e-09
   9.1082680453955667e-01   8.9164229431076159e-02   8.9659393934793385e-06   8.9973695160949774e-11   0.0000000000000000e+00
   2.5651208473249021e-01   7.3245394933708097e-01   1.1027964791058498e-02   6.0011393679948455e-06   2.3314683517128287e-15
   3.9755882903071390e-03   6.0980894627488069e-01   3.7750134154511095e-01   8.7141212039938409e-03   2.6857074342245824e-09
   9.1082680453955667e-01   8.9164229431076159e-02   8.9659393934793385e-06   8.9973695160949774e-11   0.0000000000000000e+00
   2.5651208473249021e-01   7.3245394933708097e-01   1.1027964791058498e-02   6.0011393679948455e-06   2.3314683517128287e-15
   3.9755882903071390e-03   6.0980894627488069e-01   3.7750134154511095e-01   8.7141212039938409e-03   2.6857074342245824e-09
   9.1082680453955667e-01   8.9164229431076159e-02   8.9659393934793385e-06   8.9973695160949774e-11   0.0000000000000000e+00
   2.5651208473249021e-01   7.3245394933708097e-01   1.1027964791058498e-02   6.0011393679948455e-06   2.3314683517128287e-15
   3.9755882903071390e-03   6.0980894627488069e-01   3.7750134154511095e-01   8.7141212039938409e-03   2.6857074342245824e-09
   9.1082680453955667e-01   8.9164229431076159e-02   8.9659393934793385e-06   8.9973695160949774e-11   0.0000000000000000e+00
   2.5651208473249021e-01   7.3245394933708097e-01   1.1027964791058498e-02   6.0011393679948455e-06   2.3314683517128287e-15
   3.9755882903071390e-03   6.0980894627488069e-01   3.7750134154511095e-01   8.7141212039938409e-03   2.6857074342245824e-09
   9.1082680453955667e-01   8.9164229431076159e-02   8.9659393934793385e-06   8.9973695160949774e-11   0.0000000000000000e+00
   2.5651208473249021e-01   7.3245394933708097e-01   1.1027964791058498e-02   6.0011393679948455e-06   2.3314683517128287e-15
   3.9755882903071390e-03   6.0980894627488069e-01   3.7750134154511095e-01   8.7141212039938409e-03   2.6857074342245824e-09
   9.1082680453955667e-01   8.9164229431076159e-02   8.9659393934793385e-06   8.9973695160949774e-11   0.0000000000000000e+00
   2.5651208473249021e-01   7.3245394933708097e-01   1.1027964791058498e-02   6.0011393679948455e-06   2.3314683517128287e-15
   3.9755882903071390e-03   6.0980894627488069e-01   3.7750134154511095e-01   8.7141212039938409e-03   2.6857074342245824e-09
   9.1082680453955667e-01   8.9164229431076159e-02   8.9659393934793385e-06   8.9973695160949774e-11   0.0000000000000000e+00
   2.5651208473249021e-01   7.3245394933708097e-01   1.1027964791058498e-02   6.0011393679948455e-06   2.3314683517128287e-15
   3.9755882903071390e-03   6.0980894627488069e-01   3.7750134154511095e-01   8.7141212039938409e-03   2.6857074342245824e-09
   9.1082680453955667e-01   8.9164229431076159e-02   8.9659393934793385e-06   8.9973695160949774e-11   0.0000000000000000e+00
   2.5651208473249021e-01   7.3245394933708097e-01   1.1027964791058498e-02   6.0011393679948455e-06   2.3314683517128287e-15
   3.9755882903071390e-03   6.0980894627488069e-01   3.7750134154511095e-01   8.7141212039938409e-03   2.6857074342245824e-09
   2.5651208473249021e-01   7.3245394933708097e-01   1.1027964791058498e-02   6.0011393679948455e-06   2.3314683517128287e-15
   1.2902471783056733e-04   2.3847401308514035e-01   6.7722528012759775e-01   8.4171017134083925e-02   6.6493534744971328e-07
   1.4248450935966146e-11   1.0330124466527597e-04   5.2249834293137197e-02   9.1441157670546591e-01   3.3235287742483188e-02
   2.5651208473249021e-01   7.3245394933708097e-01   1.1027964791058498e-02   6.0011393679948455e-06   2.3314683517128287e-15
   1.2902471783056733e-04   2.3847401308514035e-01   6.7722528012759775e-01   8.4171017134083925e-02   6.6493534744971328e-07
   1.4248450935966146e-11   1.0330124466527597e-04   5.2249834293137197e-02   9.1441157670546591e-01   3.3235287742483188e-02
   2.5651208473249021e-01   7.3245394933708097e-01   1.1027964791058498e-02   6.0011393679948455e-06   2.3314683517128287e-15
   1.2902471783056733e-04   2.3847401308514035e-01   6.7722528012759775e-01   8.4171017134083925e-02   6.6493534744971328e-07
   1.4248450935966146e-11   1.0330124466527597e-04   5.2249834293137197e-02   9.1441157670546591e-01   3.3235287742483188e-02
   2.5651208473249021e-01   7.3245394933708097e-01   1.1027964791058498e-02   6.0011393679948455e-06   2.3314683517128287e-15
   1.2902471783056733e-04   2.3847401308514035e-01   6.7722528012759775e-01   8.4171017134083925e-02   6.6493534744971328e-07
   1.4248450935966146e-11   1.0330124466527597e-04   5.2249834293137197e-02   9.1441157670546591e-01   3.3235287742483188e-02
   2.5651208473249021e-01   7.3245394933708097e-01   1.1027964791058498e-02   6.0011393679948455e-06   2.3314683517128287e-15
   1.2902471783056733e-04   2.3847401308514035e-01   6.7722528012759775e-01   8.4171017134083925e-02   6.6493534744971328e-07
   1.4248450935966146e-11   1.0330124466527597e-04   5.2249834293137197e-02   9.1441157670546591e-01   3.3235287742483188e-02
   2.5651208473249021e-01   7.3245394933708097e-01   1.1027964791058498e-02   6.0011393679948455e-06   2.3314683517128287e-15
   1.2902471783056733e-04   2.3847401308514035e-01   6.7722528012759775e-01   8.4171017134083925e-02   6.6493534744971328e-07
   1.4248450935966146e-11   1.0330124466527597e-04   5.2249834293137197e-02   9.1441157670546591e-01   3.3235287742483188e-02
   2.5651208473249021e-01   7.3245394933708097e-01   1.1027964791058498e-02   6.0011393679948455e-06   2.3314683517128287e-15
   1.2902471783056733e-04   2.3847401308514035e-01   6.7722528012759775e-01   8.4171017134083925e-02   6.6493534744971328e-07
   1.4248450935966146e-11   1.0330124466527597e-04   5.2249834293137197e-02   9.1441157670546591e-01   3.3235287742483188e-02
   2.5651208473249021e-01   7.3245394933708097e-01   1.1027964791058498e-02   6.0011393679948455e-06   2.3314683517128287e-15
   1.2902471783056733e-04   2.3847401308514035e-01   6.7722528012759775e-01   8.4171017134083925e-02   6.6493534744971328e-07
   1.4248450935966146e-11   1.0330124466527597e-04   5.2249834293137197e-02   9.1441157670546591e-01   3.3235287742483188e-02
   2.5651208473249021e-01   7.3245394933708097e-01   1.1027964791058498e-02   6.0011393679948455e-06   2.3314683517128287e-15
   1.2902471783056733e-04   2.3847401308514035e-01   6.7722528012759775e-01   8.4171017134083925e-02   6.6493534744971328e-07
   1.4248450935966146e-11   1.0330124466527597e-04   5.2249834293137197e-02   9.1441157670546591e-01   3.3235287742483188e-02
   2.5651208473249021e-01   7.3245394933708097e-01   1.1027964791058498e-02   6.0011393679948455e-06   2.3314683517128287e-15
   1.2902471783056733e-04   2.3847401308514035e-01   6.7722528012759775e-01   8.4171017134083925e-02   6.6493534744971328e-07
   1.4248450935966146e-11   1.0330124466527597e-04   5.2249834293137197e-02   9.1441157670546591e-01   3.3235287742483188e-02
   2.5651208473249021e-01   7.3245394933708097e-01   1.1027964791058498e-02   6.0011393679948455e-06   2.3314683517128287e-15
   1.2902471783056733e-04   2.3847401308514035e-01   6.7722528012759775e-01   8.4171017134083925e-02   6.6493534744971328e-07
   1.4248450935966146e-11   1.0330124466527597e-04   5.2249834293137197e-02   9.1441157670546591e-01   3.3235287742483188e-02
   2.5651208473249021e-01   7.3245394933708097e-01   1.1027964791058498e-02   6.0011393679948455e-06   2.3314683517128287e-15
   1.2902471783056733e-04   2.3847401308514035e-01   6.7722528012759775e-01   8.4171017134083925e-02   6.6493534744971328e-07
   1.4248450935966146e-11   1.0330124466527597e-04   5.2249834293137197e-02   9.1441157670546591e-01   3.3235287742483188e-02
   2.5651208473249021e-01   7.3245394933708097e-01   1.1027964791058498e-02   6.0011393679948455e-06   2.3314683517128287e-15
   1.2902471783056733e-04   2.3847401308514035e-01   6.7722528012759775e-01   8.4171017134083925e-02   6.6493534744971328e-07
   1.4248450935966146e-11   1.0330124466527597e-04   5.2249834293137197e-02   9.1441157670546591e-01   3.3235287742483188e-02
   2.5651208473249021e-01   7.3245394933708097e-01   1.1027964791058498e-02   6.0011393679948455e-06   2.3314683517128287e-15
   1.2902471783056733e-04   2.3847401308514035e-01   6.7722528012759775e-01   8.4171017134083925e-02   6.6493534744971328e-07
   1.4248450935966146e-11   1.0330124466527597e-04   5.2249834293137197e-02   9.1441157670546591e-01   3.3235287742483188e-02
   2.5651208473249021e-01   7.3245394933708097e-01   1.1027964791058498e-02   6.0011393679948455e-06   2.3314683517128287e-15
   1.2902471783056733e-04   2.3847401308514035e-01   6.7722528012759775e-01   8.4171017134083925e-02   6.6493534744971328e-07
   1.4248450935966146e-11   1.0330124466527597e-04   5.2249834293137197e-02   9.1441157670546591e-01   3.3235287742483188e-02
   2.5651208473249021e-01   7.3245394933708097e-01   1.1027964791058498e-02   6.0011393679948455e-06   2.3314683517128287e-15
   1.2902471783056733e-04   2.3847401308514035e-01   6.7722528012759775e-01   8.4171017134083925e-02   6.6493534744971328e-07
   1.4248450935966146e-11   1.0330124466527597e-04   5.2249834293137197e-02   9.1441157670546591e-01   3.3235287742483188e-02
   2.5651208473249021e-01   7.3245394933708097e-01   1.1027964791058498e-02   6.0011393679948455e-06   2.3314683517128287e-15
   1.2902471783056733e-04   2.3847401308514035e-01   6.7722528012759775e-01   8.4171017134083925e-02   6.6493534744971328e-07
   1.4248450935966146e-11   1.0330124466527597e-04   5.2249834293137197e-02   9.1441157670546591e-01   3.3235287742483188e-02
   2.5651208473249021e-01   7.3245394933708097e-01   1.1027964791058498e-02   6.0011393679948455e-06   2.3314683517128287e-15
   1.2902471783056733e-04   2.3847401308514035e-01   6.7722528012759775e-01   8.4171017134083925e-02   6.6493534744971328e-07
   1.4248450935966146e-11   1.0330124466527597e-04   5.2249834293137197e-02   9.1441157670546591e-01   3.3235287742483188e-02
   2.5651208473249021e-01   7.3245394933708097e-01   1.1027964791058498e-02   6.0011393679948455e-06   2.3314683517128287e-15
   1.2902471783056733e-04   2.3847401308514035e-01   6.7722528012759775e-01   8.4171017134083925e-02   6.6493534744971328e-07
   1.4248450935966146e-11   1.0330124466527597e-04   5.2249834293137197e-02   9.1441157670546591e-01   3.3235287742483188e-02
   2.5651208473249021e-01   7.3245394933708097e-01   1.1027964791058498e-02   6.0011393679948455e-06   2.3314683517128287e-15
   1.2902471783056733e-04   2.3847401308514035e-01   6.7722528012759775e-01   8.4171017134083925e-02   6.6493534744971328e-07
   1.4248450935966146e-11   1.0330124466527597e-04   5.2249834293137197e-02   9.1441157670546591e-01   3.3235287742483188e-02
   2.5651208473249021e-01   7.3245394933708097e-01   1.1027964791058498e-02   6.0011393679948455e-06   2.3314683517128287e-15
   1.2902471783056733e-04   2.3847401308514035e-01   6.7722528012759775e-01   8.4171017134083925e-02   6.6493534744971328e-07
   1.4248450935966146e-11   1.0330124466527597e-04   5.2249834293137197e-02   9.1441157670546591e-01   3.3235287742483188e-02
   2.5651208473249021e-01   7.3245394933708097e-01   1.1027964791058498e-02   6.0011393679948455e-06   2.3314683517128287e-15
   1.2902471783056733e-04   2.3847401308514035e-01   6.7722528012759775e-01   8.4171017134083925e-02   6.6493534744971328e-07
   1.4248450935966146e-11   1.0330124466527597e-04   5.2249834293137197e-02   9.1441157670546591e-01   3.3235287742483188e-02
   2.5651208473249021e-01   7.3245394933708097e-01   1.1027964791058498e-02   6.0011393679948455e-06   2.3314683517128287e-15
   1.2902471783056733e-04   2.3847401308514035e-01   6.7722528012759775e-01   8.4171017134083925e-02   6.6493534744971328e-07
   1.4248450935966146e-11   1.0330124466527597e-04   5.2249834293137197e-02   9.1441157670546591e-01   3.3235287742483188e-02
   2.5651208473249021e-01   7.3245394933708097e-01   1.1027964791058498e-02   6.0011393679948455e-06   2.3314683517128287e-15
   1.2902471783056733e-04   2.3847401308514035e-01   6.7722528012759775e-01   8.4171017134083925e-02   6.6493534744971328e-07
   1.4248450935966146e-11   1.0330124466527597e-04   5.2249834293137197e-02   9.1441157670546591e-01   3.3235287742483188e-02
   2.5651208473249021e-01   7.3245394933708097e-01   1.1027964791058498e-02   6.0011393679948455e-06   2.3314683517128287e-15
   1.2902471783056733e-04   2.3847401308514035e-01   6.7722528012759775e-01   8.4171017134083925e-02   6.6493534744971328e-07
   1.4248450935966146e-11   1.0330124466527597e-04   5.2249834293137197e-02   9.1441157670546591e-01   3.3235287742483188e-02
   2.5651208473249021e-01   7.3245394933708097e-01   1.1027964791058498e-02   6.0011393679948455e-06   2.3314683517128287e-15
   1.2902471783056733e-04   2.3847401308514035e-01   6.7722528012759775e-01   8.4171017134083925e-02   6.6493534744971328e-07
   1.4248450935966146e-11   1.0330124466527597e-04   5.2249834293137197e-02   9.1441157670546591e-01   3.3235287742483188e-02
   2.5651208473249021e-01   7.3245394933708097e-01   1.1027964791058498e-02   6.0011393679948455e-06   2.3314683517128287e-15
   1.2902471783056733e-04   2.3847401308514035e-01   6.7722528012759775e-01   8.4171017134083925e-02   6.6493534744971328e-07
   1.4248450935966146e-11   1.0330124466527597e-04   5.2249834293137197e-02   9.1441157670546591e-01   3.3235287742483188e-02
   3.9755882903071390e-03   6.0980894627488069e-01   3.7750134154511095e-01   8.7141212039938409e-03   2.6857074342245824e-09
   1.4248450935966146e-11   1.0330124466527597e-04   5.2249834293137197e-02   9.1441157670546591e-01   3.3235287742483188e-02
   8.3393047585359441e-27   6.2514072608349139e-15   9.4132036384029585e-09   1.5202911877404274e-02   9.8479707870938582e-01
   3.9755882903071390e-03   6.0980894627488069e-01   3.7750134154511095e-01   8.7141212039938409e-03   2.6857074342245824e-09
   1.4248450935966146e-11   1.0330124466527597e-04   5.2249834293137197e-02   9.1441157670546591e-01   3.3235287742483188e-02
   8.3393047585359441e-27   6.2514072608349139e-15   9.4132036384029585e-09   1.5202911877404274e-02   9.8479707870938582e-01
   3.9755882903071390e-03   6.0980894627488069e-01   3.7750134154511095e-01   8.7141212039938409e-03   2.6857074342245824e-09
   1.4248450935966146e-11   1.0330124466527597e-04   5.2249834293137197e-02   9.1441157670546591e-01   3.3235287742483188e-02
   8.3393047585359441e-27   6.2514072608349139e-15   9.4132036384029585e-09   1.5202911877404274e-02   9.8479707870938582e-01
   3.9755882903071390e-03   6.0980894627488069e-01   3.7750134154511095e-01   8.7141212039938409e-03   2.6857074342245824e-09
   1.4248450935966146e-11   1.0330124466527597e-04   5.2249834293137197e-02   9.1441157670546591e-01   3.3235287742483188e-02
   8.3393047585359441e-27   6.2514072608349139e-15   9.4132036384029585e-09   1.5202911877404274e-02   9.8479707870938582e-01
   3.9755882903071390e-03   6.0980894627488069e-01   3.7750134154511095e-01   8.7141212039938409e-03   2.6857074342245824e-09
   1.4248450935966146e-11   1.0330124466527597e-04   5.2249834293137197e-02   9.1441157670546591e-01   3.3235287742483188e-02
   8.3393047585359441e-27   6.2514072608349139e-15   9.4132036384029585e-09   1.5202911877404274e-02   9.8479707870938582e-01
   3.9755882903071390e-03   6.0980894627488069e-01   3.7750134154511095e-01   8.7141212039938409e-03   2.6857074342245824e-09
   1.4248450935966146e-11   1.0330124466527597e-04   5.2249834293137197e-02   9.1441157670546591e-01   3.3235287742483188e-02
   8.3393047585359441e-27   6.2514072608349139e-15   9.4132036384029585e-09   1.5202911877404274e-02   9.8479707870938582e-01
   3.9755882903071390e-03   6.0980894627488069e-01   3.7750134154511095e-01   8.7141212039938409e-03   2.6857074342245824e-09
   1.4248450935966146e-11   1.0330124466527597e-04   5.2249834293137197e-02   9.1441157670546591e-01   3.3235287742483188e-02
   8.3393047585359441e-27   6.2514072608349139e-15   9.4132036384029585e-09   1.5202911877404274e-02   9.8479707870938582e-01
   3.9755882903071390e-03   6.0980894627488069e-01   3.7750134154511095e-01   8.7141212039938409e-03   2.6857074342245824e-09
   1.4248450935966146e-11   1.0330124466527597e-04   5.2249834293137197e-02   9.1441157670546591e-01   3.3235287742483188e-02
   8.3393047585359441e-27   6.2514072608349139e-15   9.4132036384029585e-09   1.5202911877404274e-02   9.8479707870938582e-01
   3.9755882903071390e-03   6.0980894627488069e-01   3.7750134154511095e-01   8.7141212039938409e-03   2.6857074342245824e-09
   1.4248450935966146e-11   1.0330124466527597e-04   5.2249834293137197e-02   9.1441157670546591e-01   3.3235287742483188e-02
   8.3393047585359441e-27   6.2514072608349139e-15   9.4132036384029585e-09   1.5202911877404274e-02   9.8479707870938582e-01
   3.9755882903071390e-03   6.0980894627488069e-01   3.7750134154511095e-01   8.7141212039938409e-03   2.6857074342245824e-09
   1.4248450935966146e-11   1.0330124466527597e-04   5.2249834293137197e-02   9.1441157670546591e-01   3.3235287742483188e-02
   8.3393047585359441e-27   6.2514072608349139e-15   9.4132036384029585e-09   1.5202911877404274e-02   9.8479707870938582e-01
   3.9755882903071390e-03   6.0980894627488069e-01   3.7750134154511095e-01   8.7141212039938409e-03   2.6857074342245824e-09
   1.4248450935966146e-11   1.0330124466527597e-04   5.2249834293137197e-02   9.1441157670546591e-01   3.3235287742483188e-02
   8.3393047585359441e-27   6.2514072608349139e-15   9.4132036384029585e-09   1.5202911877404274e-02   9.8479707870938582e-01
   3.9755882903071390e-03   6.0980894627488069e-01   3.7750134154511095e-01   8.7141212039938409e-03   2.6857074342245824e-09
   1.4248450935966146e-11   1.0330124466527597e-04   5.2249834293137197e-02   9.1441157670546591e-01   3.3235287742483188e-02
   8.3393047585359441e-27   6.2514072608349139e-15   9.4132036384029585e-09   1.5202911877404274e-02   9.8479707870938582e-01
   3.9755882903071390e-03   6.0980894627488069e-01   3.7750134154511095e-01   8.7141212039938409e-03   2.6857074342245824e-09
   1.4248450935966146e-11   1.0330124466527597e-04   5.2249834293137197e-02   9.1441157670546591e-01   3.3235287742483188e-02
   8.3393047585359441e-27   6.2514072608349139e-15   9.4132036384029585e-09   1.5202911877404274e-02   9.8479707870938582e-01
   3.9755882903071390e-03   6.0980894627488069e-01   3.7750134154511095e-01   8.7141212039938409e-03   2.6857074342245824e-09
   1.4248450935966146e-11   1.0330124466527597e-04   5.2249834293137197e-02   9.1441157670546591e-01   3.3235287742483188e-02
   8.3393047585359441e-27   6.2514072608349139e-15   9.4132036384029585e-09   1.5202911877404274e-02   9.8479707870938582e-01
   3.9755882903071390e-03   6.0980894627488069e-01   3.7750134154511095e-01   8.7141212039938409e-03   2.6857074342245824e-09
   1.4248450935966146e-11   1.0330124466527597e-04   5.2249834293137197e-02   9.1441157670546591e-01   3.3235287742483188e-02
   8.3393047585359441e-27   6.2514072608349139e-15   9.4132036384029585e-09   1.5202911877404274e-02   9.8479707870938582e-01
   3.9755882903071390e-03   6.0980894627488069e-01   3.7750134154511095e-01   8.7141212039938409e-03   2.6857074342245824e-09
   1.4248450935966146e-11   1.0330124466527597e-04   5.2249834293137197e-02   9.1441157670546591e-01   3.3235287742483188e-02
   8.3393047585359441e-27   6.2514072608349139e-15   9.4132036384029585e-09   1.5202911877404274e-02   9.8479707870938582e-01
   3.9755882903071390e-03   6.0980894627488069e-01   3.7750134154511095e-01   8.7141212039938409e-03   2.6857074342245824e-09
   1.4248450935966146e-11   1.0330124466527597e-04   5.2249834293137197e-02   9.1441157670546591e-01   3.3235287742483188e-02
   8.3393047585359441e-27   6.2514072608349139e-15   9.4132036384029585e-09   1.5202911877404274e-02   9.8479707870938582e-01
   3.9755882903071390e-03   6.0980894627488069e-01   3.7750134154511095e-01   8.7141212039938409e-03   2.6857074342245824e-09
   1.4248450935966146e-11   1.0330124466527597e-04   5.2249834293137197e-02   9.1441157670546591e-01   3.3235287742483188e-02
   8.3393047585359441e-27   6.2514072608349139e-15   9.4132036384029585e-09   1.5202911877404274e-02   9.8479707870938582e-01
   3.9755882903071390e-03   6.0980894627488069e-01   3.7750134154511095e-01   8.7141212039938409e-03   2.6857074342245824e-09
   1.4248450935966146e-11   1.0330124466527597e-04   5.2249834293137197e-02   9.1441157670546591e-01   3.3235287742483188e-02
   8.3393047585359441e-27   6.2514072608349139e-15   9.4132036384029585e-09   1.5202911877404274e-02   9.8479707870938582e-01
   3.9755882903071390e-03   6.0980894627488069e-01   3.7750134154511095e-01   8.7141212039938409e-03   2.6857074342245824e-09
   1.4248450935966146e-11   1.0330124466527597e-04   5.2249834293137197e-02   9.1441157670546591e-01   3.3235287742483188e-02
   8.3393047585359441e-27   6.2514072608349139e-15   9.4132036384029585e-09   1.5202911877404274e-02   9.8479707870938582e-01
   3.9755882903071390e-03   6.0980894627488069e-01   3.7750134154511095e-01   8.7141212039938409e-03   2.6857074342245824e-09
   1.4248450935966146e-11   1.0330124466527597e-04   5.2249834293137197e-02   9.1441157670546591e-01   3.3235287742483188e-02
   8.3393047585359441e-27   6.2514072608349139e-15   9.4132036384029585e-09   1.5202911877404274e-02   9.8479707870938582e-01
   3.9755882903071390e-03   6.0980894627488069e-01   3.7750134154511095e-01   8.7141212039938409e-03   2.6857074342245824e-09
   1.4248450935966146e-11   1.0330124466527597e-04   5.2249834293137197e-02   9.1441157670546591e-01   3.3235287742483188e-02
   8.3393047585359441e-27   6.2514072608349139e-15   9.4132036384029585e-09   1.5202911877404274e-02   9.8479707870938582e-01
   3.9755882903071390e-03   6.0980894627488069e-01   3.7750134154511095e-01   8.7141212039938409e-03   2.6857074342245824e-09
   1.4248450935966146e-11   1.0330124466527597e-04   5.2249834293137197e-02   9.1441157670546591e-01   3.3235287742483188e-02
   8.3393047585359441e-27   6.2514072608349139e-15   9.4132036384029585e-09   1.5202911877404274e-02   9.8479707870938582e-01
   3.9755882903071390e-03   6.0980894627488069e-01   3.7750134154511095e-01   8.7141212039938409e-03   2.6857074342245824e-09
   1.4248450935966146e-11   1.0330124466527597e-04   5.2249834293137197e-02   9.1441157670546591e-01   3.3235287742483188e-02
   8.3393047585359441e-27   6.2514072608349139e-15   9.4132036384029585e-09   1.5202911877404274e-02   9.8479707870938582e-01
   3.9755882903071390e-03   6.0980894627488069e-01   3.7750134154511095e-01   8.7141212039938409e-03   2.6857074342245824e-09
   1.4248450935966146e-11   1.0330124466527597e-04   5.2249834293137197e-02   9.1441157670546591e-01   3.3235287742483188e-02
   8.3393047585359441e-27   6.2514072608349139e-15   9.4132036384029585e-09   1.5202911877404274e-02   9.8479707870938582e-01
   3.9755882903071390e-03   6.0980894627488069e-01   3.7750134154511095e-01   8.7141212039938409e-03   2.6857074342245824e-09
   1.4248450935966146e-11   1.0330124466527597e-04   5.2249834293137197e-02   9.1441157670546591e-01   3.3235287742483188e-02
   8.3393047585359441e-27   6.2514072608349139e-15   9.4132036384029585e-09   1.5202911877404274e-02   9.8479707870938582e-01
   3.9755882903071390e-03   6.0980894627488069e-01   3.7750134154511095e-01   8.7141212039938409e-03   2.6857074342245824e-09
   1.4248450935966146e-11   1.0330124466527597e-04   5.2249834293137197e-02   9.1441157670546591e-01   3.3235287742483188e-02
   8.3393047585359441e-27   6.2514072608349139e-15   9.4132036384029585e-09   1.5202911877404274e-02   9.8479707870938582e-01
