ARMA_MAT_TXT_FN008
243 4
   9.7773864321315052e-01   2.2259972722562527e-02   1.3840642869578090e-06   0.0000000000000000e+00
   9.7773864321315052e-01   2.2259972722562527e-02   1.3840642869578090e-06   0.0000000000000000e+00
   9.7773864321315052e-01   2.2259972722562527e-02   1.3840642869578090e-06   0.0000000000000000e+00
   9.7773864321315052e-01   2.2259972722562527e-02   1.3840642869578090e-06   0.0000000000000000e+00
   9.7773864321315052e-01   2.2259972722562527e-02   1.3840642869578090e-06   0.0000000000000000e+00
   9.7773864321315052e-01   2.2259972722562527e-02   1.3840642869578090e-06   0.0000000000000000e+00
   9.7773864321315052e-01   2.2259972722562527e-02   1.3840642869578090e-06   0.0000000000000000e+00
   9.7773864321315052e-01   2.2259972722562527e-02   1.3840642869578090e-06   0.0000000000000000e+00
   9.7773864321315052e-01   2.2259972722562527e-02   1.3840642869578090e-06   0.0000000000000000e+00
   5.0364468276741714e-01   4.9275386675236610e-01   3.6014504802117653e-03   4.9960036108132044e-15
   5.0364468276741714e-01   4.9275386675236610e-01   3.6014504802117653e-03   4.9960036108132044e-15
   5.0364468276741714e-01   4.9275386675236610e-01   3.6014504802117653e-03   4.9960036108132044e-15
   5.0364468276741714e-01   4.9275386675236610e-01   3.6014504802117653e-03   4.9960036108132044e-15
   5.0364468276741714e-01   4.9275386675236610e-01   3.6014504802117653e-03   4.9960036108132044e-15
   5.0364468276741714e-01   4.9275386675236610e-01   3.6014504802117653e-03   4.9960036108132044e-15
   5.0364468276741714e-01   4.9275386675236610e-01   3.6014504802117653e-03   4.9960036108132044e-15
   5.0364468276741714e-01   4.9275386675236610e-01   3.6014504802117653e-03   4.9960036108132044e-15
   5.0364468276741714e-01   4.9275386675236610e-01   3.6014504802117653e-03   4.9960036108132044e-15
   2.3247920029927243e-02   7.3080992724599991e-01   2.4594214797015967e-01   4.7539131520224487e-09
   2.3247920029927243e-02   7.3080992724599991e-01   2.4594214797015967e-01   4.7539131520224487e-09
   2.3247920029927243e-02   7.3080992724599991e-01   2.4594214797015967e-01   4.7539131520224487e-09
   2.3247920029927243e-02   7.3080992724599991e-01   2.4594214797015967e-01   4.7539131520224487e-09
   2.3247920029927243e-02   7.3080992724599991e-01   2.4594214797015967e-01   4.7539131520224487e-09
   2.3247920029927243e-02   7.3080992724599991e-01   2.4594214797015967e-01   4.7539131520224487e-09
   2.3247920029927243e-02   7.3080992724599991e-01   2.4594214797015967e-01   4.7539131520224487e-09
   2.3247920029927243e-02   7.3080992724599991e-01   2.4594214797015967e-01   4.7539131520224487e-09
   2.3247920029927243e-02   7.3080992724599991e-01   2.4594214797015967e-01   4.7539131520224487e-09
   9.7773864321315052e-01   2.2259972722562527e-02   1.3840642869578090e-06   0.0000000000000000e+00
   9.7773864321315052e-01   2.2259972722562527e-02   1.3840642869578090e-06   0.0000000000000000e+00
   9.7773864321315052e-01   2.2259972722562527e-02   1.3840642869578090e-06   0.0000000000000000e+00
   9.7773864321315052e-01   2.2259972722562527e-02   1.3840642869578090e-06   0.0000000000000000e+00
   9.7773864321315052e-01   2.2259972722562527e-02   1.3840642869578090e-06   0.0000000000000000e+00
   9.7773864321315052e-01   2.2259972722562527e-02   1.3840642869578090e-06   0.0000000000000000e+00
   9.7773864321315052e-01   2.2259972722562527e-02   1.3840642869578090e-06   0.0000000000000000e+00
   9.7773864321315052e-01   2.2259972722562527e-02   1.3840642869578090e-06   0.0000000000000000e+00
   9.7773864321315052e-01   2.2259972722562527e-02   1.3840642869578090e-06   0.0000000000000000e+00
   5.0364468276741714e-01   4.9275386675236610e-01   3.6014504802117653e-03   4.9960036108132044e-15
   5.0364468276741714e-01   4.9275386675236610e-01   3.6014504802117653e-03   4.9960036108132044e-15
   5.0364468276741714e-01   4.9275386675236610e-01   3.6014504802117653e-03   4.9960036108132044e-15
   5.0364468276741714e-01   4.9275386675236610e-01   3.6014504802117653e-03   4.9960036108132044e-15
   5.0364468276741714e-01   4.9275386675236610e-01   3.6014504802117653e-03   4.9960036108132044e-15
   5.0364468276741714e-01   4.9275386675236610e-01   3.6014504802117653e-03   4.9960036108132044e-15
   5.0364468276741714e-01   4.9275386675236610e-01   3.6014504802117653e-03   4.9960036108132044e-15
   5.0364468276741714e-01   4.9275386675236610e-01   3.6014504802117653e-03   4.9960036108132044e-15
   5.0364468276741714e-01   4.9275386675236610e-01   3.6014504802117653e-03   4.9960036108132044e-15
   2.3247920029927243e-02   7.3080992724599991e-01   2.4594214797015967e-01   4.7539131520224487e-09
   2.3247920029927243e-02   7.3080992724599991e-01   2.4594214797015967e-01   4.7539131520224487e-09
   2.3247920029927243e-02   7.3080992724599991e-01   2.4594214797015967e-01   4.7539131520224487e-09
   2.3247920029927243e-02   7.3080992724599991e-01   2.4594214797015967e-01   4.7539131520224487e-09
   2.3247920029927243e-02   7.3080992724599991e-01   2.4594214797015967e-01   4.7539131520224487e-09
   2.3247920029927243e-02   7.3080992724599991e-01   2.4594214797015967e-01   4.7539131520224487e-09
   2.3247920029927243e-02   7.3080992724599991e-01   2.4594214797015967e-01   4.7539131520224487e-09
   2.3247920029927243e-02   7.3080992724599991e-01   2.4594214797015967e-01   4.7539131520224487e-09
   2.3247920029927243e-02   7.3080992724599991e-01   2.4594214797015967e-01   4.7539131520224487e-09
   9.7773864321315052e-01   2.2259972722562527e-02   1.3840642869578090e-06   0.0000000000000000e+00
   9.7773864321315052e-01   2.2259972722562527e-02   1.3840642869578090e-06   0.0000000000000000e+00
   9.7773864321315052e-01   2.2259972722562527e-02   1.3840642869578090e-06   0.0000000000000000e+00
   9.7773864321315052e-01   2.2259972722562527e-02   1.3840642869578090e-06   0.0000000000000000e+00
   9.7773864321315052e-01   2.2259972722562527e-02   1.3840642869578090e-06   0.0000000000000000e+00
   9.7773864321315052e-01   2.2259972722562527e-02   1.3840642869578090e-06   0.0000000000000000e+00
   9.7773864321315052e-01   2.2259972722562527e-02   1.3840642869578090e-06   0.0000000000000000e+00
   9.7773864321315052e-01   2.2259972722562527e-02   1.3840642869578090e-06   0.0000000000000000e+00
   9.7773864321315052e-01   2.2259972722562527e-02   1.3840642869578090e-06   0.0000000000000000e+00
   5.0364468276741714e-01   4.9275386675236610e-01   3.6014504802117653e-03   4.9960036108132044e-15
   5.0364468276741714e-01   4.9275386675236610e-01   3.6014504802117653e-03   4.9960036108132044e-15
   5.0364468276741714e-01   4.9275386675236610e-01   3.6014504802117653e-03   4.9960036108132044e-15
   5.0364468276741714e-01   4.9275386675236610e-01   3.6014504802117653e-03   4.9960036108132044e-15
   5.0364468276741714e-01   4.9275386675236610e-01   3.6014504802117653e-03   4.9960036108132044e-15
   5.0364468276741714e-01   4.9275386675236610e-01   3.6014504802117653e-03   4.9960036108132044e-15
   5.0364468276741714e-01   4.9275386675236610e-01   3.6014504802117653e-03   4.9960036108132044e-15
   5.0364468276741714e-01   4.9275386675236610e-01   3.6014504802117653e-03   4.9960036108132044e-15
   5.0364468276741714e-01   4.9275386675236610e-01   3.6014504802117653e-03   4.9960036108132044e-15
   2.3247920029927243e-02   7.3080992724599991e-01   2.4594214797015967e-01   4.7539131520224487e-09
   2.3247920029927243e-02   7.3080992724599991e-01   2.4594214797015967e-01   4.7539131520224487e-09
   2.3247920029927243e-02   7.3080992724599991e-01   2.4594214797015967e-01   4.7539131520224487e-09
   2.3247920029927243e-02   7.3080992724599991e-01   2.4594214797015967e-01   4.7539131520224487e-09
   2.3247920029927243e-02   7.3080992724599991e-01   2.4594214797015967e-01   4.7539131520224487e-09
   2.3247920029927243e-02   7.3080992724599991e-01   2.4594214797015967e-01   4.7539131520224487e-09
   2.3247920029927243e-02   7.3080992724599991e-01   2.4594214797015967e-01   4.7539131520224487e-09
   2.3247920029927243e-02   7.3080992724599991e-01   2.4594214797015967e-01   4.7539131520224487e-09
   2.3247920029927243e-02   7.3080992724599991e-01   2.4594214797015967e-01   4.7539131520224487e-09
   5.0364468276741714e-01   4.9275386675236610e-01   3.6014504802117653e-03   4.9960036108132044e-15
   5.0364468276741714e-01   4.9275386675236610e-01   3.6014504802117653e-03   4.9960036108132044e-15
   5.0364468276741714e-01   4.9275386675236610e-01   3.6014504802117653e-03   4.9960036108132044e-15
   5.0364468276741714e-01   4.9275386675236610e-01   3.6014504802117653e-03   4.9960036108132044e-15
   5.0364468276741714e-01   4.9275386675236610e-01   3.6014504802117653e-03   4.9960036108132044e-15
   5.0364468276741714e-01   4.9275386675236610e-01   3.6014504802117653e-03   4.9960036108132044e-15
   5.0364468276741714e-01   4.9275386675236610e-01   3.6014504802117653e-03   4.9960036108132044e-15
   5.0364468276741714e-01   4.9275386675236610e-01   3.6014504802117653e-03   4.9960036108132044e-15
   5.0364468276741714e-01   4.9275386675236610e-01   3.6014504802117653e-03   4.9960036108132044e-15
   1.3909467576519849e-03   3.7586901522955463e-01   6.2273896563351450e-01   1.0723792788214226e-06
   1.3909467576519849e-03   3.7586901522955463e-01   6.2273896563351450e-01   1.0723792788214226e-06
   1.3909467576519849e-03   3.7586901522955463e-01   6.2273896563351450e-01   1.0723792788214226e-06
   1.3909467576519849e-03   3.7586901522955463e-01   6.2273896563351450e-01   1.0723792788214226e-06
   1.3909467576519849e-03   3.7586901522955463e-01   6.2273896563351450e-01   1.0723792788214226e-06
   1.3909467576519849e-03   3.7586901522955463e-01   6.2273896563351450e-01   1.0723792788214226e-06
   1.3909467576519849e-03   3.7586901522955463e-01   6.2273896563351450e-01   1.0723792788214226e-06
   1.3909467576519849e-03   3.7586901522955463e-01   6.2273896563351450e-01   1.0723792788214226e-06
   1.3909467576519849e-03   3.7586901522955463e-01   6.2273896563351450e-01   1.0723792788214226e-06
   1.0436456366688339e-09   4.6202375714975223e-04   9.5854547121079681e-01   4.0992503988407814e-02
   1.0436456366688339e-09   4.6202375714975223e-04   9.5854547121079681e-01   4.0992503988407814e-02
   1.0436456366688339e-09   4.6202375714975223e-04   9.5854547121079681e-01   4.0992503988407814e-02
   1.0436456366688339e-09   4.6202375714975223e-04   9.5854547121079681e-01   4.0992503988407814e-02
   1.0436456366688339e-09   4.6202375714975223e-04   9.5854547121079681e-01   4.0992503988407814e-02
   1.0436456366688339e-09   4.6202375714975223e-04   9.5854547121079681e-01   4.0992503988407814e-02
   1.0436456366688339e-09   4.6202375714975223e-04   9.5854547121079681e-01   4.0992503988407814e-02
   1.0436456366688339e-09   4.6202375714975223e-04   9.5854547121079681e-01   4.0992503988407814e-02
   1.0436456366688339e-09   4.6202375714975223e-04   9.5854547121079681e-01   4.0992503988407814e-02
   5.0364468276741714e-01   4.9275386675236610e-01   3.6014504802117653e-03   4.9960036108132044e-15
   5.0364468276741714e-01   4.9275386675236610e-01   3.6014504802117653e-03   4.9960036108132044e-15
   5.0364468276741714e-01   4.9275386675236610e-01   3.6014504802117653e-03   4.9960036108132044e-15
   5.0364468276741714e-01   4.9275386675236610e-01   3.6014504802117653e-03   4.9960036108132044e-15
   5.0364468276741714e-01   4.9275386675236610e-01   3.6014504802117653e-03   4.9960036108132044e-15
   5.0364468276741714e-01   4.9275386675236610e-01   3.6014504802117653e-03   4.9960036108132044e-15
   5.0364468276741714e-01   4.9275386675236610e-01   3.6014504802117653e-03   4.9960036108132044e-15
   5.0364468276741714e-01   4.9275386675236610e-01   3.6014504802117653e-03   4.9960036108132044e-15
   5.0364468276741714e-01   4.9275386675236610e-01   3.6014504802117653e-03   4.9960036108132044e-15
   1.3909467576519849e-03   3.7586901522955463e-01   6.2273896563351450e-01   1.0723792788214226e-06
   1.3909467576519849e-03   3.7586901522955463e-01   6.2273896563351450e-01   1.0723792788214226e-06
   1.3909467576519849e-03   3.7586901522955463e-01   6.2273896563351450e-01   1.0723792788214226e-06
   1.3909467576519849e-03   3.7586901522955463e-01   6.2273896563351450e-01   1.0723792788214226e-06
   1.3909467576519849e-03   3.7586901522955463e-01   6.2273896563351450e-01   1.0723792788214226e-06
   1.3909467576519849e-03   3.7586901522955463e-01   6.2273896563351450e-01   1.0723792788214226e-06
   1.3909467576519849e-03   3.7586901522955463e-01   6.2273896563351450e-01   1.0723792788214226e-06
   1.3909467576519849e-03   3.7586901522955463e-01   6.2273896563351450e-01   1.0723792788214226e-06
   1.3909467576519849e-03   3.7586901522955463e-01   6.2273896563351450e-01   1.0723792788214226e-06
   1.0436456366688339e-09   4.6202375714975223e-04   9.5854547121079681e-01   4.0992503988407814e-02
   1.0436456366688339e-09   4.6202375714975223e-04   9.5854547121079681e-01   4.0992503988407814e-02
   1.0436456366688339e-09   4.6202375714975223e-04   9.5854547121079681e-01   4.0992503988407814e-02
   1.0436456366688339e-09   4.6202375714975223e-04   9.5854547121079681e-01   4.0992503988407814e-02
   1.0436456366688339e-09   4.6202375714975223e-04   9.5854547121079681e-01   4.0992503988407814e-02
   1.0436456366688339e-09   4.6202375714975223e-04   9.5854547121079681e-01   4.0992503988407814e-02
   1.0436456366688339e-09   4.6202375714975223e-04   9.5854547121079681e-01   4.0992503988407814e-02
   1.0436456366688339e-09   4.6202375714975223e-04   9.5854547121079681e-01   4.0992503988407814e-02
   1.0436456366688339e-09   4.6202375714975223e-04   9.5854547121079681e-01   4.0992503988407814e-02
   5.0364468276741714e-01   4.9275386675236610e-01   3.6014504802117653e-03   4.9960036108132044e-15
   5.0364468276741714e-01   4.9275386675236610e-01   3.6014504802117653e-03   4.9960036108132044e-15
   5.0364468276741714e-01   4.9275386675236610e-01   3.6014504802117653e-03   4.9960036108132044e-15
   5.0364468276741714e-01   4.9275386675236610e-01   3.6014504802117653e-03   4.9960036108132044e-15
   5.0364468276741714e-01   4.9275386675236610e-01   3.6014504802117653e-03   4.9960036108132044e-15
   5.0364468276741714e-01   4.9275386675236610e-01   3.6014504802117653e-03   4.9960036108132044e-15
   5.0364468276741714e-01   4.9275386675236610e-01   3.6014504802117653e-03   4.9960036108132044e-15
   5.0364468276741714e-01   4.9275386675236610e-01   3.6014504802117653e-03   4.9960036108132044e-15
   5.0364468276741714e-01   4.9275386675236610e-01   3.6014504802117653e-03   4.9960036108132044e-15
   1.3909467576519849e-03   3.7586901522955463e-01   6.2273896563351450e-01   1.0723792788214226e-06
   1.3909467576519849e-03   3.7586901522955463e-01   6.2273896563351450e-01   1.0723792788214226e-06
   1.3909467576519849e-03   3.7586901522955463e-01   6.2273896563351450e-01   1.0723792788214226e-06
   1.3909467576519849e-03   3.7586901522955463e-01   6.2273896563351450e-01   1.0723792788214226e-06
   1.3909467576519849e-03   3.7586901522955463e-01   6.2273896563351450e-01   1.0723792788214226e-06
   1.3909467576519849e-03   3.7586901522955463e-01   6.2273896563351450e-01   1.0723792788214226e-06
   1.3909467576519849e-03   3.7586901522955463e-01   6.2273896563351450e-01   1.0723792788214226e-06
   1.3909467576519849e-03   3.7586901522955463e-01   6.2273896563351450e-01   1.0723792788214226e-06
   1.3909467576519849e-03   3.7586901522955463e-01   6.2273896563351450e-01   1.0723792788214226e-06
   1.0436456366688339e-09   4.6202375714975223e-04   9.5854547121079681e-01   4.0992503988407814e-02
   1.0436456366688339e-09   4.6202375714975223e-04   9.5854547121079681e-01   4.0992503988407814e-02
   1.0436456366688339e-09   4.6202375714975223e-04   9.5854547121079681e-01   4.0992503988407814e-02
   1.0436456366688339e-09   4.6202375714975223e-04   9.5854547121079681e-01   4.0992503988407814e-02
   1.0436456366688339e-09   4.6202375714975223e-04   9.5854547121079681e-01   4.0992503988407814e-02
   1.0436456366688339e-09   4.6202375714975223e-04   9.5854547121079681e-01   4.0992503988407814e-02
   1.0436456366688339e-09   4.6202375714975223e-04   9.5854547121079681e-01   4.0992503988407814e-02
   1.0436456366688339e-09   4.6202375714975223e-04   9.5854547121079681e-01   4.0992503988407814e-02
   1.0436456366688339e-09   4.6202375714975223e-04   9.5854547121079681e-01   4.0992503988407814e-02
   2.3247920029927243e-02   7.3080992724599991e-01   2.4594214797015967e-01   4.7539131520224487e-09
   2.3247920029927243e-02   7.3080992724599991e-01   2.4594214797015967e-01   4.7539131520224487e-09
   2.3247920029927243e-02   7.3080992724599991e-01   2.4594214797015967e-01   4.7539131520224487e-09
   2.3247920029927243e-02   7.3080992724599991e-01   2.4594214797015967e-01   4.7539131520224487e-09
   2.3247920029927243e-02   7.3080992724599991e-01   2.4594214797015967e-01   4.7539131520224487e-09
   2.3247920029927243e-02   7.3080992724599991e-01   2.4594214797015967e-01   4.7539131520224487e-09
   2.3247920029927243e-02   7.3080992724599991e-01   2.4594214797015967e-01   4.7539131520224487e-09
   2.3247920029927243e-02   7.3080992724599991e-01   2.4594214797015967e-01   4.7539131520224487e-09
   2.3247920029927243e-02   7.3080992724599991e-01   2.4594214797015967e-01   4.7539131520224487e-09
   1.0436456366688339e-09   4.6202375714975223e-04   9.5854547121079681e-01   4.0992503988407814e-02
   1.0436456366688339e-09   4.6202375714975223e-04   9.5854547121079681e-01   4.0992503988407814e-02
   1.0436456366688339e-09   4.6202375714975223e-04   9.5854547121079681e-01   4.0992503988407814e-02
   1.0436456366688339e-09   4.6202375714975223e-04   9.5854547121079681e-01   4.0992503988407814e-02
   1.0436456366688339e-09   4.6202375714975223e-04   9.5854547121079681e-01   4.0992503988407814e-02
   1.0436456366688339e-09   4.6202375714975223e-04   9.5854547121079681e-01   4.0992503988407814e-02
   1.0436456366688339e-09   4.6202375714975223e-04   9.5854547121079681e-01   4.0992503988407814e-02
   1.0436456366688339e-09   4.6202375714975223e-04   9.5854547121079681e-01   4.0992503988407814e-02
   1.0436456366688339e-09   4.6202375714975223e-04   9.5854547121079681e-01   4.0992503988407814e-02
   8.3559331318109114e-24   1.3092810478309035e-13   1.1888391445740935e-02   9.8811160855412816e-01
   8.3559331318109114e-24   1.3092810478309035e-13   1.1888391445740935e-02   9.8811160855412816e-01
   8.3559331318109114e-24   1.3092810478309035e-13   1.1888391445740935e-02   9.8811160855412816e-01
   8.3559331318109114e-24   1.3092810478309035e-13   1.1888391445740935e-02   9.8811160855412816e-01
   8.3559331318109114e-24   1.3092810478309035e-13   1.1888391445740935e-02   9.8811160855412816e-01
   8.3559331318109114e-24   1.3092810478309035e-13   1.1888391445740935e-02   9.8811160855412816e-01
   8.3559331318109114e-24   1.3092810478309035e-13   1.1888391445740935e-02   9.8811160855412816e-01
   8.3559331318109114e-24   1.3092810478309035e-13   1.1888391445740935e-02   9.8811160855412816e-01
   8.3559331318109114e-24   1.3092810478309035e-13   1.1888391445740935e-02   9.8811160855412816e-01
   2.3247920029927243e-02   7.3080992724599991e-01   2.4594214797015967e-01   4.7539131520224487e-09
   2.3247920029927243e-02   7.3080992724599991e-01   2.4594214797015967e-01   4.7539131520224487e-09
   2.3247920029927243e-02   7.3080992724599991e-01   2.4594214797015967e-01   4.7539131520224487e-09
   2.3247920029927243e-02   7.3080992724599991e-01   2.4594214797015967e-01   4.7539131520224487e-09
   2.3247920029927243e-02   7.3080992724599991e-01   2.4594214797015967e-01   4.7539131520224487e-09
   2.3247920029927243e-02   7.3080992724599991e-01   2.4594214797015967e-01   4.7539131520224487e-09
   2.3247920029927243e-02   7.3080992724599991e-01   2.4594214797015967e-01   4.7539131520224487e-09
   2.3247920029927243e-02   7.3080992724599991e-01   2.4594214797015967e-01   4.7539131520224487e-09
   2.3247920029927243e-02   7.3080992724599991e-01   2.4594214797015967e-01   4.7539131520224487e-09
   1.0436456366688339e-09   4.6202375714975223e-04   9.5854547121079681e-01   4.0992503988407814e-02
   1.0436456366688339e-09   4.6202375714975223e-04   9.5854547121079681e-01   4.0992503988407814e-02
   1.0436456366688339e-09   4.6202375714975223e-04   9.5854547121079681e-01   4.0992503988407814e-02
   1.0436456366688339e-09   4.6202375714975223e-04   9.5854547121079681e-01   4.0992503988407814e-02
   1.0436456366688339e-09   4.6202375714975223e-04   9.5854547121079681e-01   4.0992503988407814e-02
   1.0436456366688339e-09   4.6202375714975223e-04   9.5854547121079681e-01   4.0992503988407814e-02
   1.0436456366688339e-09   4.6202375714975223e-04   9.5854547121079681e-01   4.0992503988407814e-02
   1.0436456366688339e-09   4.6202375714975223e-04   9.5854547121079681e-01   4.0992503988407814e-02
   1.0436456366688339e-09   4.6202375714975223e-04   9.5854547121079681e-01   4.0992503988407814e-02
   8.3559331318109114e-24   1.3092810478309035e-13   1.1888391445740935e-02   9.8811160855412816e-01
   8.3559331318109114e-24   1.3092810478309035e-13   1.1888391445740935e-02   9.8811160855412816e-01
   8.3559331318109114e-24   1.3092810478309035e-13   1.1888391445740935e-02   9.8811160855412816e-01
   8.3559331318109114e-24   1.3092810478309035e-13   1.1888391445740935e-02   9.8811160855412816e-01
   8.3559331318109114e-24   1.3092810478309035e-13   1.1888391445740935e-02   9.8811160855412816e-01
   8.3559331318109114e-24   1.3092810478309035e-13   1.1888391445740935e-02   9.8811160855412816e-01
   8.3559331318109114e-24   1.3092810478309035e-13   1.1888391445740935e-02   9.8811160855412816e-01
   8.3559331318109114e-24   1.3092810478309035e-13   1.1888391445740935e-02   9.8811160855412816e-01
   8.3559331318109114e-24   1.3092810478309035e-13   1.1888391445740935e-02   9.8811160855412816e-01
   2.3247920029927243e-02   7.3080992724599991e-01   2.4594214797015967e-01   4.7539131520224487e-09
   2.3247920029927243e-02   7.3080992724599991e-01   2.4594214797015967e-01   4.7539131520224487e-09
   2.3247920029927243e-02   7.3080992724599991e-01   2.4594214797015967e-01   4.7539131520224487e-09
   2.3247920029927243e-02   7.3080992724599991e-01   2.4594214797015967e-01   4.7539131520224487e-09
   2.3247920029927243e-02   7.3080992724599991e-01   2.4594214797015967e-01   4.7539131520224487e-09
   2.3247920029927243e-02   7.3080992724599991e-01   2.4594214797015967e-01   4.7539131520224487e-09
   2.3247920029927243e-02   7.3080992724599991e-01   2.4594214797015967e-01   4.7539131520224487e-09
   2.3247920029927243e-02   7.3080992724599991e-01   2.4594214797015967e-01   4.7539131520224487e-09
   2.3247920029927243e-02   7.3080992724599991e-01   2.4594214797015967e-01   4.7539131520224487e-09
   1.0436456366688339e-09   4.6202375714975223e-04   9.5854547121079681e-01   4.0992503988407814e-02
   1.0436456366688339e-09   4.6202375714975223e-04   9.5854547121079681e-01   4.0992503988407814e-02
   1.0436456366688339e-09   4.6202375714975223e-04   9.5854547121079681e-01   4.0992503988407814e-02
   1.0436456366688339e-09   4.6202375714975223e-04   9.5854547121079681e-01   4.0992503988407814e-02
   1.0436456366688339e-09   4.6202375714975223e-04   9.5854547121079681e-01   4.0992503988407814e-02
   1.0436456366688339e-09   4.6202375714975223e-04   9.5854547121079681e-01   4.0992503988407814e-02
   1.0436456366688339e-09   4.6202375714975223e-04   9.5854547121079681e-01   4.0992503988407814e-02
   1.0436456366688339e-09   4.6202375714975223e-04   9.5854547121079681e-01   4.0992503988407814e-02
   1.0436456366688339e-09   4.6202375714975223e-04   9.5854547121079681e-01   4.0992503988407814e-02
   8.3559331318109114e-24   1.3092810478309035e-13   1.1888391445740935e-02   9.8811160855412816e-01
   8.3559331318109114e-24   1.3092810478309035e-13   1.1888391445740935e-02   9.8811160855412816e-01
   8.3559331318109114e-24   1.3092810478309035e-13   1.1888391445740935e-02   9.8811160855412816e-01
   8.3559331318109114e-24   1.3092810478309035e-13   1.1888391445740935e-02   9.8811160855412816e-01
   8.3559331318109114e-24   1.3092810478309035e-13   1.1888391445740935e-02   9.8811160855412816e-01
   8.3559331318109114e-24   1.3092810478309035e-13   1.1888391445740935e-02   9.8811160855412816e-01
   8.3559331318109114e-24   1.3092810478309035e-13   1.1888391445740935e-02   9.8811160855412816e-01
   8.3559331318109114e-24   1.3092810478309035e-13   1.1888391445740935e-02   9.8811160855412816e-01
   8.3559331318109114e-24   1.3092810478309035e-13   1.1888391445740935e-02   9.8811160855412816e-01
