ARMA_MAT_TXT_FN008
16 6
   8.4134474615961552e-01   1.4032471373108413e-01   1.2523228971861200e-02   4.2854227720322546e-03   1.2892592602973263e-03   2.3262910510957191e-04
   8.4134474615961552e-01   1.4032471373108413e-01   1.2523228971861200e-02   4.2854227720322546e-03   1.2892592602973263e-03   2.3262910510957191e-04
   8.4134474615961552e-01   1.4032471373108413e-01   1.2523228971861200e-02   4.2854227720322546e-03   1.2892592602973263e-03   2.3262910510957191e-04
   8.4134474615961552e-01   1.4032471373108413e-01   1.2523228971861200e-02   4.2854227720322546e-03   1.2892592602973263e-03   2.3262910510957191e-04
   1.5865525402252956e-01   3.7700979439088700e-01   1.6407108477921883e-01   1.3256083048087375e-01   1.0089583118789847e-01   6.6807205138592396e-02
   1.5865525402252956e-01   3.7700979439088700e-01   1.6407108477921883e-01   1.3256083048087375e-01   1.0089583118789847e-01   6.6807205138592396e-02
   1.5865525402252956e-01   3.7700979439088700e-01   1.6407108477921883e-01   1.3256083048087375e-01   1.0089583118789847e-01   6.6807205138592396e-02
   1.5865525402252956e-01   3.7700979439088700e-01   1.6407108477921883e-01   1.3256083048087375e-01   1.0089583118789847e-01   6.6807205138592396e-02
   1.5865525402252956e-01   3.7700979439088700e-01   1.6407108477921883e-01   1.3256083048087375e-01   1.0089583118789847e-01   6.6807205138592396e-02
   1.5865525402252956e-01   3.7700979439088700e-01   1.6407108477921883e-01   1.3256083048087375e-01   1.0089583118789847e-01   6.6807205138592396e-02
   1.5865525402252956e-01   3.7700979439088700e-01   1.6407108477921883e-01   1.3256083048087375e-01   1.0089583118789847e-01   6.6807205138592396e-02
   1.5865525402252956e-01   3.7700979439088700e-01   1.6407108477921883e-01   1.3256083048087375e-01   1.0089583118789847e-01   6.6807205138592396e-02
   3.1671241883490643e-05   1.7726900342390039e-03   4.8321547916578928e-03   1.4202633891552147e-02   4.5968047439791396e-02   9.3319280260087611e-01
   3.1671241883490643e-05   1.7726900342390039e-03   4.8321547916578928e-03   1.4202633891552147e-02   4.5968047439791396e-02   9.3319280260087611e-01
   3.1671241883490643e-05   1.7726900342390039e-03   4.8321547916578928e-03   1.4202633891552147e-02   4.5968047439791396e-02   9.3319280260087611e-01
   3.1671241883490643e-05   1.7726900342390039e-03   4.8321547916578928e-03   1.4202633891552147e-02   4.5968047439791396e-02   9.3319280260087611e-01
