ARMA_MAT_TXT_FN008
32 5
   8.4134474609123444e-01   1.5107398472384570e-01   5.7838887105986503e-03   1.5647513286913828e-03   2.3262914562982573e-04
   1.5865525395414865e-01   5.0719148906519118e-01   1.5318800385541209e-01   1.1415804197291513e-01   6.6807211152333013e-02
   8.4134474609123444e-01   1.5107398472384570e-01   5.7838887105986503e-03   1.5647513286913828e-03   2.3262914562982573e-04
   1.5865525395414865e-01   5.0719148906519118e-01   1.5318800385541209e-01   1.1415804197291513e-01   6.6807211152333013e-02
   8.4134474609123444e-01   1.5107398472384570e-01   5.7838887105986503e-03   1.5647513286913828e-03   2.3262914562982573e-04
   1.5865525395414865e-01   5.0719148906519118e-01   1.5318800385541209e-01   1.1415804197291513e-01   6.6807211152333013e-02
   8.4134474609123444e-01   1.5107398472384570e-01   5.7838887105986503e-03   1.5647513286913828e-03   2.3262914562982573e-04
   1.5865525395414865e-01   5.0719148906519118e-01   1.5318800385541209e-01   1.1415804197291513e-01   6.6807211152333013e-02
   8.4134474609123444e-01   1.5107398472384570e-01   5.7838887105986503e-03   1.5647513286913828e-03   2.3262914562982573e-04
   1.5865525395414865e-01   5.0719148906519118e-01   1.5318800385541209e-01   1.1415804197291513e-01   6.6807211152333013e-02
   8.4134474609123444e-01   1.5107398472384570e-01   5.7838887105986503e-03   1.5647513286913828e-03   2.3262914562982573e-04
   1.5865525395414865e-01   5.0719148906519118e-01   1.5318800385541209e-01   1.1415804197291513e-01   6.6807211152333013e-02
   8.4134474609123444e-01   1.5107398472384570e-01   5.7838887105986503e-03   1.5647513286913828e-03   2.3262914562982573e-04
   1.5865525395414865e-01   5.0719148906519118e-01   1.5318800385541209e-01   1.1415804197291513e-01   6.6807211152333013e-02
   8.4134474609123444e-01   1.5107398472384570e-01   5.7838887105986503e-03   1.5647513286913828e-03   2.3262914562982573e-04
   1.5865525395414865e-01   5.0719148906519118e-01   1.5318800385541209e-01   1.1415804197291513e-01   6.6807211152333013e-02
   1.5865525395414865e-01   5.0719148906519118e-01   1.5318800385541209e-01   1.1415804197291513e-01   6.6807211152333013e-02
   3.1671241845670296e-05   5.0308902332408291e-03   1.3322500356688595e-02   4.8422129553609188e-02   9.3319280861461573e-01
   1.5865525395414865e-01   5.0719148906519118e-01   1.5318800385541209e-01   1.1415804197291513e-01   6.6807211152333013e-02
   3.1671241845670296e-05   5.0308902332408291e-03   1.3322500356688595e-02   4.8422129553609188e-02   9.3319280861461573e-01
   1.5865525395414865e-01   5.0719148906519118e-01   1.5318800385541209e-01   1.1415804197291513e-01   6.6807211152333013e-02
   3.1671241845670296e-05   5.0308902332408291e-03   1.3322500356688595e-02   4.8422129553609188e-02   9.3319280861461573e-01
   1.5865525395414865e-01   5.0719148906519118e-01   1.5318800385541209e-01   1.1415804197291513e-01   6.6807211152333013e-02
   3.1671241845670296e-05   5.0308902332408291e-03   1.3322500356688595e-02   4.8422129553609188e-02   9.3319280861461573e-01
   1.5865525395414865e-01   5.0719148906519118e-01   1.5318800385541209e-01   1.1415804197291513e-01   6.6807211152333013e-02
   3.1671241845670296e-05   5.0308902332408291e-03   1.3322500356688595e-02   4.8422129553609188e-02   9.3319280861461573e-01
   1.5865525395414865e-01   5.0719148906519118e-01   1.5318800385541209e-01   1.1415804197291513e-01   6.6807211152333013e-02
   3.1671241845670296e-05   5.0308902332408291e-03   1.3322500356688595e-02   4.8422129553609188e-02   9.3319280861461573e-01
   1.5865525395414865e-01   5.0719148906519118e-01   1.5318800385541209e-01   1.1415804197291513e-01   6.6807211152333013e-02
   3.1671241845670296e-05   5.0308902332408291e-03   1.3322500356688595e-02   4.8422129553609188e-02   9.3319280861461573e-01
   1.5865525395414865e-01   5.0719148906519118e-01   1.5318800385541209e-01   1.1415804197291513e-01   6.6807211152333013e-02
   3.1671241845670296e-05   5.0308902332408291e-03   1.3322500356688595e-02   4.8422129553609188e-02   9.3319280861461573e-01
