ARMA_MAT_TXT_FN008
16 5
   8.4134474609073695e-01   1.5107398472663325e-01   5.7838887090615465e-03   1.5647513279416492e-03   2.3262914562660608e-04
   8.4134474609073695e-01   1.5107398472663325e-01   5.7838887090615465e-03   1.5647513279416492e-03   2.3262914562660608e-04
   1.5865525395365104e-01   5.0719148910555467e-01   1.5318800384999842e-01   1.1415804193895096e-01   6.6807211151844959e-02
   1.5865525395365104e-01   5.0719148910555467e-01   1.5318800384999842e-01   1.1415804193895096e-01   6.6807211151844959e-02
   8.4134474609073695e-01   1.5107398472663325e-01   5.7838887090615465e-03   1.5647513279416492e-03   2.3262914562660608e-04
   8.4134474609073695e-01   1.5107398472663325e-01   5.7838887090615465e-03   1.5647513279416492e-03   2.3262914562660608e-04
   1.5865525395365104e-01   5.0719148910555467e-01   1.5318800384999842e-01   1.1415804193895096e-01   6.6807211151844959e-02
   1.5865525395365104e-01   5.0719148910555467e-01   1.5318800384999842e-01   1.1415804193895096e-01   6.6807211151844959e-02
   1.5865525395365104e-01   5.0719148910555467e-01   1.5318800384999842e-01   1.1415804193895096e-01   6.6807211151844959e-02
   1.5865525395365104e-01   5.0719148910555467e-01   1.5318800384999842e-01   1.1415804193895096e-01   6.6807211151844959e-02
   3.1671241845394997e-05   5.0308902348426051e-03   1.3322500360985342e-02   4.8422129548198994e-02   9.3319280861412768e-01
   3.1671241845394997e-05   5.0308902348426051e-03   1.3322500360985342e-02   4.8422129548198994e-02   9.3319280861412768e-01
   1.5865525395365104e-01   5.0719148910555467e-01   1.5318800384999842e-01   1.1415804193895096e-01   6.6807211151844959e-02
   1.5865525395365104e-01   5.0719148910555467e-01   1.5318800384999842e-01   1.1415804193895096e-01   6.6807211151844959e-02
   3.1671241845394997e-05   5.0308902348426051e-03   1.3322500360985342e-02   4.8422129548198994e-02   9.3319280861412768e-01
   3.1671241845394997e-05   5.0308902348426051e-03   1.3322500360985342e-02   4.8422129548198994e-02   9.3319280861412768e-01
