ARMA_MAT_TXT_FN008
9 15
  -9.9999999696610742e-01  -9.9999999696610742e-01  -9.9999999696610742e-01  -9.9999999696610742e-01  -9.9999999696610742e-01  -9.9999999696610742e-01  -9.9999999696610742e-01  -9.9999999696610742e-01  -9.9999999696610742e-01  -9.9999999696610742e-01  -2.0091359919666765e+00  -2.0091359919666765e+00  -2.0091359919666765e+00  -2.0091359919666765e+00  -2.0091359919666765e+00
   0.0000000000000000e+00   0.0000000000000000e+00   0.0000000000000000e+00   0.0000000000000000e+00   0.0000000000000000e+00   2.0000000000000000e+00   2.0000000000000000e+00   2.0000000000000000e+00   2.0000000000000000e+00   2.0000000000000000e+00   2.0000000000000000e+00   2.0000000000000000e+00   2.0000000000000000e+00   2.0000000000000000e+00   2.0000000000000000e+00
   0.0000000000000000e+00   0.0000000000000000e+00   0.0000000000000000e+00   0.0000000000000000e+00   0.0000000000000000e+00   2.0000000000000000e+00   2.0000000000000000e+00   2.0000000000000000e+00   2.0000000000000000e+00   2.0000000000000000e+00   2.0000000000000000e+00   2.0000000000000000e+00   2.0000000000000000e+00   2.0000000000000000e+00   2.0000000000000000e+00
   2.0000000000000000e+00   2.0000000000000000e+00   2.0000000000000000e+00   2.0000000000000000e+00   2.0000000000000000e+00   0.0000000000000000e+00   0.0000000000000000e+00   0.0000000000000000e+00   0.0000000000000000e+00   0.0000000000000000e+00   2.0000000000000000e+00   2.0000000000000000e+00   2.0000000000000000e+00   2.0000000000000000e+00   2.0000000000000000e+00
   0.0000000000000000e+00   0.0000000000000000e+00   0.0000000000000000e+00   0.0000000000000000e+00   0.0000000000000000e+00   0.0000000000000000e+00   0.0000000000000000e+00   0.0000000000000000e+00   0.0000000000000000e+00   0.0000000000000000e+00   1.0000000000000000e+00   1.0000000000000000e+00   1.0000000000000000e+00   1.0000000000000000e+00   1.0000000000000000e+00
   0.0000000000000000e+00   0.0000000000000000e+00   0.0000000000000000e+00   0.0000000000000000e+00   0.0000000000000000e+00   0.0000000000000000e+00   0.0000000000000000e+00   0.0000000000000000e+00   0.0000000000000000e+00   0.0000000000000000e+00   1.0000000000000000e+00   1.0000000000000000e+00   1.0000000000000000e+00   1.0000000000000000e+00   1.0000000000000000e+00
   2.0000000000000000e+00   2.0000000000000000e+00   2.0000000000000000e+00   2.0000000000000000e+00   2.0000000000000000e+00   0.0000000000000000e+00   0.0000000000000000e+00   0.0000000000000000e+00   0.0000000000000000e+00   0.0000000000000000e+00   2.0000000000000000e+00   2.0000000000000000e+00   2.0000000000000000e+00   2.0000000000000000e+00   2.0000000000000000e+00
   0.0000000000000000e+00   0.0000000000000000e+00   0.0000000000000000e+00   0.0000000000000000e+00   0.0000000000000000e+00   0.0000000000000000e+00   0.0000000000000000e+00   0.0000000000000000e+00   0.0000000000000000e+00   0.0000000000000000e+00   1.0000000000000000e+00   1.0000000000000000e+00   1.0000000000000000e+00   1.0000000000000000e+00   1.0000000000000000e+00
   0.0000000000000000e+00   0.0000000000000000e+00   0.0000000000000000e+00   0.0000000000000000e+00   0.0000000000000000e+00   0.0000000000000000e+00   0.0000000000000000e+00   0.0000000000000000e+00   0.0000000000000000e+00   0.0000000000000000e+00   1.0000000000000000e+00   1.0000000000000000e+00   1.0000000000000000e+00   1.0000000000000000e+00   1.0000000000000000e+00
