ARMA_MAT_TXT_FN008
32 4
   8.4134474618570054e-01   1.5244852043317014e-01   5.9774503742950902e-03   2.2928300683422442e-04
   8.4134474618570054e-01   1.5244852043317014e-01   5.9774503742950902e-03   2.2928300683422442e-04
   8.4134474618570054e-01   1.5244852043317014e-01   5.9774503742950902e-03   2.2928300683422442e-04
   8.4134474618570054e-01   1.5244852043317014e-01   5.9774503742950902e-03   2.2928300683422442e-04
   1.5865525404861464e-01   5.3286610676076118e-01   2.4216995665781937e-01   6.6308682532804863e-02
   1.5865525404861464e-01   5.3286610676076118e-01   2.4216995665781937e-01   6.6308682532804863e-02
   1.5865525404861464e-01   5.3286610676076118e-01   2.4216995665781937e-01   6.6308682532804863e-02
   1.5865525404861464e-01   5.3286610676076118e-01   2.4216995665781937e-01   6.6308682532804863e-02
   8.4134474618570054e-01   1.5244852043317014e-01   5.9774503742950902e-03   2.2928300683422442e-04
   8.4134474618570054e-01   1.5244852043317014e-01   5.9774503742950902e-03   2.2928300683422442e-04
   8.4134474618570054e-01   1.5244852043317014e-01   5.9774503742950902e-03   2.2928300683422442e-04
   8.4134474618570054e-01   1.5244852043317014e-01   5.9774503742950902e-03   2.2928300683422442e-04
   1.5865525404861464e-01   5.3286610676076118e-01   2.4216995665781937e-01   6.6308682532804863e-02
   1.5865525404861464e-01   5.3286610676076118e-01   2.4216995665781937e-01   6.6308682532804863e-02
   1.5865525404861464e-01   5.3286610676076118e-01   2.4216995665781937e-01   6.6308682532804863e-02
   1.5865525404861464e-01   5.3286610676076118e-01   2.4216995665781937e-01   6.6308682532804863e-02
   1.5865525404861464e-01   5.3286610676076118e-01   2.4216995665781937e-01   6.6308682532804863e-02
   1.5865525404861464e-01   5.3286610676076118e-01   2.4216995665781937e-01   6.6308682532804863e-02
   1.5865525404861464e-01   5.3286610676076118e-01   2.4216995665781937e-01   6.6308682532804863e-02
   1.5865525404861464e-01   5.3286610676076118e-01   2.4216995665781937e-01   6.6308682532804863e-02
   3.1671241897917911e-05   6.1809272550980045e-03   6.1096016455411205e-02   9.3269138504759286e-01
   3.1671241897917911e-05   6.1809272550980045e-03   6.1096016455411205e-02   9.3269138504759286e-01
   3.1671241897917911e-05   6.1809272550980045e-03   6.1096016455411205e-02   9.3269138504759286e-01
   3.1671241897917911e-05   6.1809272550980045e-03   6.1096016455411205e-02   9.3269138504759286e-01
   1.5865525404861464e-01   5.3286610676076118e-01   2.4216995665781937e-01   6.6308682532804863e-02
   1.5865525404861464e-01   5.3286610676076118e-01   2.4216995665781937e-01   6.6308682532804863e-02
   1.5865525404861464e-01   5.3286610676076118e-01   2.4216995665781937e-01   6.6308682532804863e-02
   1.5865525404861464e-01   5.3286610676076118e-01   2.4216995665781937e-01   6.6308682532804863e-02
   3.1671241897917911e-05   6.1809272550980045e-03   6.1096016455411205e-02   9.3269138504759286e-01
   3.1671241897917911e-05   6.1809272550980045e-03   6.1096016455411205e-02   9.3269138504759286e-01
   3.1671241897917911e-05   6.1809272550980045e-03   6.1096016455411205e-02   9.3269138504759286e-01
   3.1671241897917911e-05   6.1809272550980045e-03   6.1096016455411205e-02   9.3269138504759286e-01
