ARMA_MAT_TXT_FN008
32 6
   8.4134474616000365e-01   1.4032471373150224e-01   1.2523228138445974e-02   4.2854236042754179e-03   1.2892592607950393e-03   2.3262910497767741e-04
   1.5865525402291769e-01   3.7700979439762417e-01   1.6407106723896114e-01   1.3256084799544421e-01   1.0089583122603485e-01   6.6807205119017943e-02
   8.4134474616000365e-01   1.4032471373150224e-01   1.2523228138445974e-02   4.2854236042754179e-03   1.2892592607950393e-03   2.3262910497767741e-04
   1.5865525402291769e-01   3.7700979439762417e-01   1.6407106723896114e-01   1.3256084799544421e-01   1.0089583122603485e-01   6.6807205119017943e-02
   8.4134474616000365e-01   1.4032471373150224e-01   1.2523228138445974e-02   4.2854236042754179e-03   1.2892592607950393e-03   2.3262910497767741e-04
   1.5865525402291769e-01   3.7700979439762417e-01   1.6407106723896114e-01   1.3256084799544421e-01   1.0089583122603485e-01   6.6807205119017943e-02
   8.4134474616000365e-01   1.4032471373150224e-01   1.2523228138445974e-02   4.2854236042754179e-03   1.2892592607950393e-03   2.3262910497767741e-04
   1.5865525402291769e-01   3.7700979439762417e-01   1.6407106723896114e-01   1.3256084799544421e-01   1.0089583122603485e-01   6.6807205119017943e-02
   1.5865525402291769e-01   3.7700979439762417e-01   1.6407106723896114e-01   1.3256084799544421e-01   1.0089583122603485e-01   6.6807205119017943e-02
   3.1671241883705410e-05   1.7726900343423312e-03   4.8321538544704411e-03   1.4202634824926366e-02   4.5968047463075506e-02   9.3319280258130166e-01
   1.5865525402291769e-01   3.7700979439762417e-01   1.6407106723896114e-01   1.3256084799544421e-01   1.0089583122603485e-01   6.6807205119017943e-02
   3.1671241883705410e-05   1.7726900343423312e-03   4.8321538544704411e-03   1.4202634824926366e-02   4.5968047463075506e-02   9.3319280258130166e-01
   1.5865525402291769e-01   3.7700979439762417e-01   1.6407106723896114e-01   1.3256084799544421e-01   1.0089583122603485e-01   6.6807205119017943e-02
   3.1671241883705410e-05   1.7726900343423312e-03   4.8321538544704411e-03   1.4202634824926366e-02   4.5968047463075506e-02   9.3319280258130166e-01
   1.5865525402291769e-01   3.7700979439762417e-01   1.6407106723896114e-01   1.3256084799544421e-01   1.0089583122603485e-01   6.6807205119017943e-02
   3.1671241883705410e-05   1.7726900343423312e-03   4.8321538544704411e-03   1.4202634824926366e-02   4.5968047463075506e-02   9.3319280258130166e-01
   8.4134474616000365e-01   1.4032471373150224e-01   1.2523228138445974e-02   4.2854236042754179e-03   1.2892592607950393e-03   2.3262910497767741e-04
   1.5865525402291769e-01   3.7700979439762417e-01   1.6407106723896114e-01   1.3256084799544421e-01   1.0089583122603485e-01   6.6807205119017943e-02
   8.4134474616000365e-01   1.4032471373150224e-01   1.2523228138445974e-02   4.2854236042754179e-03   1.2892592607950393e-03   2.3262910497767741e-04
   1.5865525402291769e-01   3.7700979439762417e-01   1.6407106723896114e-01   1.3256084799544421e-01   1.0089583122603485e-01   6.6807205119017943e-02
   8.4134474616000365e-01   1.4032471373150224e-01   1.2523228138445974e-02   4.2854236042754179e-03   1.2892592607950393e-03   2.3262910497767741e-04
   1.5865525402291769e-01   3.7700979439762417e-01   1.6407106723896114e-01   1.3256084799544421e-01   1.0089583122603485e-01   6.6807205119017943e-02
   8.4134474616000365e-01   1.4032471373150224e-01   1.2523228138445974e-02   4.2854236042754179e-03   1.2892592607950393e-03   2.3262910497767741e-04
   1.5865525402291769e-01   3.7700979439762417e-01   1.6407106723896114e-01   1.3256084799544421e-01   1.0089583122603485e-01   6.6807205119017943e-02
   1.5865525402291769e-01   3.7700979439762417e-01   1.6407106723896114e-01   1.3256084799544421e-01   1.0089583122603485e-01   6.6807205119017943e-02
   3.1671241883705410e-05   1.7726900343423312e-03   4.8321538544704411e-03   1.4202634824926366e-02   4.5968047463075506e-02   9.3319280258130166e-01
   1.5865525402291769e-01   3.7700979439762417e-01   1.6407106723896114e-01   1.3256084799544421e-01   1.0089583122603485e-01   6.6807205119017943e-02
   3.1671241883705410e-05   1.7726900343423312e-03   4.8321538544704411e-03   1.4202634824926366e-02   4.5968047463075506e-02   9.3319280258130166e-01
   1.5865525402291769e-01   3.7700979439762417e-01   1.6407106723896114e-01   1.3256084799544421e-01   1.0089583122603485e-01   6.6807205119017943e-02
   3.1671241883705410e-05   1.7726900343423312e-03   4.8321538544704411e-03   1.4202634824926366e-02   4.5968047463075506e-02   9.3319280258130166e-01
   1.5865525402291769e-01   3.7700979439762417e-01   1.6407106723896114e-01   1.3256084799544421e-01   1.0089583122603485e-01   6.6807205119017943e-02
   3.1671241883705410e-05   1.7726900343423312e-03   4.8321538544704411e-03   1.4202634824926366e-02   4.5968047463075506e-02   9.3319280258130166e-01
