ARMA_MAT_TXT_FN008
243 6
   8.4134474496598388e-01   1.0380250067886265e-01   3.3684718914949396e-02   1.4284998678607441e-02   5.5331387292119061e-03   1.3498980323847221e-03
   8.4134474496598388e-01   1.0380250067886265e-01   3.3684718914949396e-02   1.4284998678607441e-02   5.5331387292119061e-03   1.3498980323847221e-03
   8.4134474496598388e-01   1.0380250067886265e-01   3.3684718914949396e-02   1.4284998678607441e-02   5.5331387292119061e-03   1.3498980323847221e-03
   8.4134474496598388e-01   1.0380250067886265e-01   3.3684718914949396e-02   1.4284998678607441e-02   5.5331387292119061e-03   1.3498980323847221e-03
   8.4134474496598388e-01   1.0380250067886265e-01   3.3684718914949396e-02   1.4284998678607441e-02   5.5331387292119061e-03   1.3498980323847221e-03
   8.4134474496598388e-01   1.0380250067886265e-01   3.3684718914949396e-02   1.4284998678607441e-02   5.5331387292119061e-03   1.3498980323847221e-03
   8.4134474496598388e-01   1.0380250067886265e-01   3.3684718914949396e-02   1.4284998678607441e-02   5.5331387292119061e-03   1.3498980323847221e-03
   8.4134474496598388e-01   1.0380250067886265e-01   3.3684718914949396e-02   1.4284998678607441e-02   5.5331387292119061e-03   1.3498980323847221e-03
   8.4134474496598388e-01   1.0380250067886265e-01   3.3684718914949396e-02   1.4284998678607441e-02   5.5331387292119061e-03   1.3498980323847221e-03
   8.4134474496598388e-01   1.0380250067886265e-01   3.3684718914949396e-02   1.4284998678607441e-02   5.5331387292119061e-03   1.3498980323847221e-03
   8.4134474496598388e-01   1.0380250067886265e-01   3.3684718914949396e-02   1.4284998678607441e-02   5.5331387292119061e-03   1.3498980323847221e-03
   8.4134474496598388e-01   1.0380250067886265e-01   3.3684718914949396e-02   1.4284998678607441e-02   5.5331387292119061e-03   1.3498980323847221e-03
   8.4134474496598388e-01   1.0380250067886265e-01   3.3684718914949396e-02   1.4284998678607441e-02   5.5331387292119061e-03   1.3498980323847221e-03
   8.4134474496598388e-01   1.0380250067886265e-01   3.3684718914949396e-02   1.4284998678607441e-02   5.5331387292119061e-03   1.3498980323847221e-03
   8.4134474496598388e-01   1.0380250067886265e-01   3.3684718914949396e-02   1.4284998678607441e-02   5.5331387292119061e-03   1.3498980323847221e-03
   8.4134474496598388e-01   1.0380250067886265e-01   3.3684718914949396e-02   1.4284998678607441e-02   5.5331387292119061e-03   1.3498980323847221e-03
   8.4134474496598388e-01   1.0380250067886265e-01   3.3684718914949396e-02   1.4284998678607441e-02   5.5331387292119061e-03   1.3498980323847221e-03
   8.4134474496598388e-01   1.0380250067886265e-01   3.3684718914949396e-02   1.4284998678607441e-02   5.5331387292119061e-03   1.3498980323847221e-03
   8.4134474496598388e-01   1.0380250067886265e-01   3.3684718914949396e-02   1.4284998678607441e-02   5.5331387292119061e-03   1.3498980323847221e-03
   8.4134474496598388e-01   1.0380250067886265e-01   3.3684718914949396e-02   1.4284998678607441e-02   5.5331387292119061e-03   1.3498980323847221e-03
   8.4134474496598388e-01   1.0380250067886265e-01   3.3684718914949396e-02   1.4284998678607441e-02   5.5331387292119061e-03   1.3498980323847221e-03
   8.4134474496598388e-01   1.0380250067886265e-01   3.3684718914949396e-02   1.4284998678607441e-02   5.5331387292119061e-03   1.3498980323847221e-03
   8.4134474496598388e-01   1.0380250067886265e-01   3.3684718914949396e-02   1.4284998678607441e-02   5.5331387292119061e-03   1.3498980323847221e-03
   8.4134474496598388e-01   1.0380250067886265e-01   3.3684718914949396e-02   1.4284998678607441e-02   5.5331387292119061e-03   1.3498980323847221e-03
   8.4134474496598388e-01   1.0380250067886265e-01   3.3684718914949396e-02   1.4284998678607441e-02   5.5331387292119061e-03   1.3498980323847221e-03
   8.4134474496598388e-01   1.0380250067886265e-01   3.3684718914949396e-02   1.4284998678607441e-02   5.5331387292119061e-03   1.3498980323847221e-03
   8.4134474496598388e-01   1.0380250067886265e-01   3.3684718914949396e-02   1.4284998678607441e-02   5.5331387292119061e-03   1.3498980323847221e-03
   8.4134474496598388e-01   1.0380250067886265e-01   3.3684718914949396e-02   1.4284998678607441e-02   5.5331387292119061e-03   1.3498980323847221e-03
   8.4134474496598388e-01   1.0380250067886265e-01   3.3684718914949396e-02   1.4284998678607441e-02   5.5331387292119061e-03   1.3498980323847221e-03
   8.4134474496598388e-01   1.0380250067886265e-01   3.3684718914949396e-02   1.4284998678607441e-02   5.5331387292119061e-03   1.3498980323847221e-03
   8.4134474496598388e-01   1.0380250067886265e-01   3.3684718914949396e-02   1.4284998678607441e-02   5.5331387292119061e-03   1.3498980323847221e-03
   8.4134474496598388e-01   1.0380250067886265e-01   3.3684718914949396e-02   1.4284998678607441e-02   5.5331387292119061e-03   1.3498980323847221e-03
   8.4134474496598388e-01   1.0380250067886265e-01   3.3684718914949396e-02   1.4284998678607441e-02   5.5331387292119061e-03   1.3498980323847221e-03
   8.4134474496598388e-01   1.0380250067886265e-01   3.3684718914949396e-02   1.4284998678607441e-02   5.5331387292119061e-03   1.3498980323847221e-03
   8.4134474496598388e-01   1.0380250067886265e-01   3.3684718914949396e-02   1.4284998678607441e-02   5.5331387292119061e-03   1.3498980323847221e-03
   8.4134474496598388e-01   1.0380250067886265e-01   3.3684718914949396e-02   1.4284998678607441e-02   5.5331387292119061e-03   1.3498980323847221e-03
   8.4134474496598388e-01   1.0380250067886265e-01   3.3684718914949396e-02   1.4284998678607441e-02   5.5331387292119061e-03   1.3498980323847221e-03
   8.4134474496598388e-01   1.0380250067886265e-01   3.3684718914949396e-02   1.4284998678607441e-02   5.5331387292119061e-03   1.3498980323847221e-03
   8.4134474496598388e-01   1.0380250067886265e-01   3.3684718914949396e-02   1.4284998678607441e-02   5.5331387292119061e-03   1.3498980323847221e-03
   8.4134474496598388e-01   1.0380250067886265e-01   3.3684718914949396e-02   1.4284998678607441e-02   5.5331387292119061e-03   1.3498980323847221e-03
   8.4134474496598388e-01   1.0380250067886265e-01   3.3684718914949396e-02   1.4284998678607441e-02   5.5331387292119061e-03   1.3498980323847221e-03
   8.4134474496598388e-01   1.0380250067886265e-01   3.3684718914949396e-02   1.4284998678607441e-02   5.5331387292119061e-03   1.3498980323847221e-03
   8.4134474496598388e-01   1.0380250067886265e-01   3.3684718914949396e-02   1.4284998678607441e-02   5.5331387292119061e-03   1.3498980323847221e-03
   8.4134474496598388e-01   1.0380250067886265e-01   3.3684718914949396e-02   1.4284998678607441e-02   5.5331387292119061e-03   1.3498980323847221e-03
   8.4134474496598388e-01   1.0380250067886265e-01   3.3684718914949396e-02   1.4284998678607441e-02   5.5331387292119061e-03   1.3498980323847221e-03
   8.4134474496598388e-01   1.0380250067886265e-01   3.3684718914949396e-02   1.4284998678607441e-02   5.5331387292119061e-03   1.3498980323847221e-03
   8.4134474496598388e-01   1.0380250067886265e-01   3.3684718914949396e-02   1.4284998678607441e-02   5.5331387292119061e-03   1.3498980323847221e-03
   8.4134474496598388e-01   1.0380250067886265e-01   3.3684718914949396e-02   1.4284998678607441e-02   5.5331387292119061e-03   1.3498980323847221e-03
   8.4134474496598388e-01   1.0380250067886265e-01   3.3684718914949396e-02   1.4284998678607441e-02   5.5331387292119061e-03   1.3498980323847221e-03
   8.4134474496598388e-01   1.0380250067886265e-01   3.3684718914949396e-02   1.4284998678607441e-02   5.5331387292119061e-03   1.3498980323847221e-03
   8.4134474496598388e-01   1.0380250067886265e-01   3.3684718914949396e-02   1.4284998678607441e-02   5.5331387292119061e-03   1.3498980323847221e-03
   8.4134474496598388e-01   1.0380250067886265e-01   3.3684718914949396e-02   1.4284998678607441e-02   5.5331387292119061e-03   1.3498980323847221e-03
   8.4134474496598388e-01   1.0380250067886265e-01   3.3684718914949396e-02   1.4284998678607441e-02   5.5331387292119061e-03   1.3498980323847221e-03
   8.4134474496598388e-01   1.0380250067886265e-01   3.3684718914949396e-02   1.4284998678607441e-02   5.5331387292119061e-03   1.3498980323847221e-03
   8.4134474496598388e-01   1.0380250067886265e-01   3.3684718914949396e-02   1.4284998678607441e-02   5.5331387292119061e-03   1.3498980323847221e-03
   8.4134474496598388e-01   1.0380250067886265e-01   3.3684718914949396e-02   1.4284998678607441e-02   5.5331387292119061e-03   1.3498980323847221e-03
   8.4134474496598388e-01   1.0380250067886265e-01   3.3684718914949396e-02   1.4284998678607441e-02   5.5331387292119061e-03   1.3498980323847221e-03
   8.4134474496598388e-01   1.0380250067886265e-01   3.3684718914949396e-02   1.4284998678607441e-02   5.5331387292119061e-03   1.3498980323847221e-03
   8.4134474496598388e-01   1.0380250067886265e-01   3.3684718914949396e-02   1.4284998678607441e-02   5.5331387292119061e-03   1.3498980323847221e-03
   8.4134474496598388e-01   1.0380250067886265e-01   3.3684718914949396e-02   1.4284998678607441e-02   5.5331387292119061e-03   1.3498980323847221e-03
   8.4134474496598388e-01   1.0380250067886265e-01   3.3684718914949396e-02   1.4284998678607441e-02   5.5331387292119061e-03   1.3498980323847221e-03
   8.4134474496598388e-01   1.0380250067886265e-01   3.3684718914949396e-02   1.4284998678607441e-02   5.5331387292119061e-03   1.3498980323847221e-03
   8.4134474496598388e-01   1.0380250067886265e-01   3.3684718914949396e-02   1.4284998678607441e-02   5.5331387292119061e-03   1.3498980323847221e-03
   8.4134474496598388e-01   1.0380250067886265e-01   3.3684718914949396e-02   1.4284998678607441e-02   5.5331387292119061e-03   1.3498980323847221e-03
   8.4134474496598388e-01   1.0380250067886265e-01   3.3684718914949396e-02   1.4284998678607441e-02   5.5331387292119061e-03   1.3498980323847221e-03
   8.4134474496598388e-01   1.0380250067886265e-01   3.3684718914949396e-02   1.4284998678607441e-02   5.5331387292119061e-03   1.3498980323847221e-03
   8.4134474496598388e-01   1.0380250067886265e-01   3.3684718914949396e-02   1.4284998678607441e-02   5.5331387292119061e-03   1.3498980323847221e-03
   8.4134474496598388e-01   1.0380250067886265e-01   3.3684718914949396e-02   1.4284998678607441e-02   5.5331387292119061e-03   1.3498980323847221e-03
   8.4134474496598388e-01   1.0380250067886265e-01   3.3684718914949396e-02   1.4284998678607441e-02   5.5331387292119061e-03   1.3498980323847221e-03
   8.4134474496598388e-01   1.0380250067886265e-01   3.3684718914949396e-02   1.4284998678607441e-02   5.5331387292119061e-03   1.3498980323847221e-03
   8.4134474496598388e-01   1.0380250067886265e-01   3.3684718914949396e-02   1.4284998678607441e-02   5.5331387292119061e-03   1.3498980323847221e-03
   8.4134474496598388e-01   1.0380250067886265e-01   3.3684718914949396e-02   1.4284998678607441e-02   5.5331387292119061e-03   1.3498980323847221e-03
   8.4134474496598388e-01   1.0380250067886265e-01   3.3684718914949396e-02   1.4284998678607441e-02   5.5331387292119061e-03   1.3498980323847221e-03
   8.4134474496598388e-01   1.0380250067886265e-01   3.3684718914949396e-02   1.4284998678607441e-02   5.5331387292119061e-03   1.3498980323847221e-03
   8.4134474496598388e-01   1.0380250067886265e-01   3.3684718914949396e-02   1.4284998678607441e-02   5.5331387292119061e-03   1.3498980323847221e-03
   8.4134474496598388e-01   1.0380250067886265e-01   3.3684718914949396e-02   1.4284998678607441e-02   5.5331387292119061e-03   1.3498980323847221e-03
   8.4134474496598388e-01   1.0380250067886265e-01   3.3684718914949396e-02   1.4284998678607441e-02   5.5331387292119061e-03   1.3498980323847221e-03
   8.4134474496598388e-01   1.0380250067886265e-01   3.3684718914949396e-02   1.4284998678607441e-02   5.5331387292119061e-03   1.3498980323847221e-03
   8.4134474496598388e-01   1.0380250067886265e-01   3.3684718914949396e-02   1.4284998678607441e-02   5.5331387292119061e-03   1.3498980323847221e-03
   8.4134474496598388e-01   1.0380250067886265e-01   3.3684718914949396e-02   1.4284998678607441e-02   5.5331387292119061e-03   1.3498980323847221e-03
   8.4134474496598388e-01   1.0380250067886265e-01   3.3684718914949396e-02   1.4284998678607441e-02   5.5331387292119061e-03   1.3498980323847221e-03
   1.5865525282889803e-01   1.8574558879794412e-01   1.6764594520437315e-01   1.6638221713975565e-01   1.6291574205636816e-01   1.5865525397266089e-01
   1.5865525282889803e-01   1.8574558879794412e-01   1.6764594520437315e-01   1.6638221713975565e-01   1.6291574205636816e-01   1.5865525397266089e-01
   1.5865525282889803e-01   1.8574558879794412e-01   1.6764594520437315e-01   1.6638221713975565e-01   1.6291574205636816e-01   1.5865525397266089e-01
   1.5865525282889803e-01   1.8574558879794412e-01   1.6764594520437315e-01   1.6638221713975565e-01   1.6291574205636816e-01   1.5865525397266089e-01
   1.5865525282889803e-01   1.8574558879794412e-01   1.6764594520437315e-01   1.6638221713975565e-01   1.6291574205636816e-01   1.5865525397266089e-01
   1.5865525282889803e-01   1.8574558879794412e-01   1.6764594520437315e-01   1.6638221713975565e-01   1.6291574205636816e-01   1.5865525397266089e-01
   1.5865525282889803e-01   1.8574558879794412e-01   1.6764594520437315e-01   1.6638221713975565e-01   1.6291574205636816e-01   1.5865525397266089e-01
   1.5865525282889803e-01   1.8574558879794412e-01   1.6764594520437315e-01   1.6638221713975565e-01   1.6291574205636816e-01   1.5865525397266089e-01
   1.5865525282889803e-01   1.8574558879794412e-01   1.6764594520437315e-01   1.6638221713975565e-01   1.6291574205636816e-01   1.5865525397266089e-01
   1.5865525282889803e-01   1.8574558879794412e-01   1.6764594520437315e-01   1.6638221713975565e-01   1.6291574205636816e-01   1.5865525397266089e-01
   1.5865525282889803e-01   1.8574558879794412e-01   1.6764594520437315e-01   1.6638221713975565e-01   1.6291574205636816e-01   1.5865525397266089e-01
   1.5865525282889803e-01   1.8574558879794412e-01   1.6764594520437315e-01   1.6638221713975565e-01   1.6291574205636816e-01   1.5865525397266089e-01
   1.5865525282889803e-01   1.8574558879794412e-01   1.6764594520437315e-01   1.6638221713975565e-01   1.6291574205636816e-01   1.5865525397266089e-01
   1.5865525282889803e-01   1.8574558879794412e-01   1.6764594520437315e-01   1.6638221713975565e-01   1.6291574205636816e-01   1.5865525397266089e-01
   1.5865525282889803e-01   1.8574558879794412e-01   1.6764594520437315e-01   1.6638221713975565e-01   1.6291574205636816e-01   1.5865525397266089e-01
   1.5865525282889803e-01   1.8574558879794412e-01   1.6764594520437315e-01   1.6638221713975565e-01   1.6291574205636816e-01   1.5865525397266089e-01
   1.5865525282889803e-01   1.8574558879794412e-01   1.6764594520437315e-01   1.6638221713975565e-01   1.6291574205636816e-01   1.5865525397266089e-01
   1.5865525282889803e-01   1.8574558879794412e-01   1.6764594520437315e-01   1.6638221713975565e-01   1.6291574205636816e-01   1.5865525397266089e-01
   1.5865525282889803e-01   1.8574558879794412e-01   1.6764594520437315e-01   1.6638221713975565e-01   1.6291574205636816e-01   1.5865525397266089e-01
   1.5865525282889803e-01   1.8574558879794412e-01   1.6764594520437315e-01   1.6638221713975565e-01   1.6291574205636816e-01   1.5865525397266089e-01
   1.5865525282889803e-01   1.8574558879794412e-01   1.6764594520437315e-01   1.6638221713975565e-01   1.6291574205636816e-01   1.5865525397266089e-01
   1.5865525282889803e-01   1.8574558879794412e-01   1.6764594520437315e-01   1.6638221713975565e-01   1.6291574205636816e-01   1.5865525397266089e-01
   1.5865525282889803e-01   1.8574558879794412e-01   1.6764594520437315e-01   1.6638221713975565e-01   1.6291574205636816e-01   1.5865525397266089e-01
   1.5865525282889803e-01   1.8574558879794412e-01   1.6764594520437315e-01   1.6638221713975565e-01   1.6291574205636816e-01   1.5865525397266089e-01
   1.5865525282889803e-01   1.8574558879794412e-01   1.6764594520437315e-01   1.6638221713975565e-01   1.6291574205636816e-01   1.5865525397266089e-01
   1.5865525282889803e-01   1.8574558879794412e-01   1.6764594520437315e-01   1.6638221713975565e-01   1.6291574205636816e-01   1.5865525397266089e-01
   1.5865525282889803e-01   1.8574558879794412e-01   1.6764594520437315e-01   1.6638221713975565e-01   1.6291574205636816e-01   1.5865525397266089e-01
   1.5865525282889803e-01   1.8574558879794412e-01   1.6764594520437315e-01   1.6638221713975565e-01   1.6291574205636816e-01   1.5865525397266089e-01
   1.5865525282889803e-01   1.8574558879794412e-01   1.6764594520437315e-01   1.6638221713975565e-01   1.6291574205636816e-01   1.5865525397266089e-01
   1.5865525282889803e-01   1.8574558879794412e-01   1.6764594520437315e-01   1.6638221713975565e-01   1.6291574205636816e-01   1.5865525397266089e-01
   1.5865525282889803e-01   1.8574558879794412e-01   1.6764594520437315e-01   1.6638221713975565e-01   1.6291574205636816e-01   1.5865525397266089e-01
   1.5865525282889803e-01   1.8574558879794412e-01   1.6764594520437315e-01   1.6638221713975565e-01   1.6291574205636816e-01   1.5865525397266089e-01
   1.5865525282889803e-01   1.8574558879794412e-01   1.6764594520437315e-01   1.6638221713975565e-01   1.6291574205636816e-01   1.5865525397266089e-01
   1.5865525282889803e-01   1.8574558879794412e-01   1.6764594520437315e-01   1.6638221713975565e-01   1.6291574205636816e-01   1.5865525397266089e-01
   1.5865525282889803e-01   1.8574558879794412e-01   1.6764594520437315e-01   1.6638221713975565e-01   1.6291574205636816e-01   1.5865525397266089e-01
   1.5865525282889803e-01   1.8574558879794412e-01   1.6764594520437315e-01   1.6638221713975565e-01   1.6291574205636816e-01   1.5865525397266089e-01
   1.5865525282889803e-01   1.8574558879794412e-01   1.6764594520437315e-01   1.6638221713975565e-01   1.6291574205636816e-01   1.5865525397266089e-01
   1.5865525282889803e-01   1.8574558879794412e-01   1.6764594520437315e-01   1.6638221713975565e-01   1.6291574205636816e-01   1.5865525397266089e-01
   1.5865525282889803e-01   1.8574558879794412e-01   1.6764594520437315e-01   1.6638221713975565e-01   1.6291574205636816e-01   1.5865525397266089e-01
   1.5865525282889803e-01   1.8574558879794412e-01   1.6764594520437315e-01   1.6638221713975565e-01   1.6291574205636816e-01   1.5865525397266089e-01
   1.5865525282889803e-01   1.8574558879794412e-01   1.6764594520437315e-01   1.6638221713975565e-01   1.6291574205636816e-01   1.5865525397266089e-01
   1.5865525282889803e-01   1.8574558879794412e-01   1.6764594520437315e-01   1.6638221713975565e-01   1.6291574205636816e-01   1.5865525397266089e-01
   1.5865525282889803e-01   1.8574558879794412e-01   1.6764594520437315e-01   1.6638221713975565e-01   1.6291574205636816e-01   1.5865525397266089e-01
   1.5865525282889803e-01   1.8574558879794412e-01   1.6764594520437315e-01   1.6638221713975565e-01   1.6291574205636816e-01   1.5865525397266089e-01
   1.5865525282889803e-01   1.8574558879794412e-01   1.6764594520437315e-01   1.6638221713975565e-01   1.6291574205636816e-01   1.5865525397266089e-01
   1.5865525282889803e-01   1.8574558879794412e-01   1.6764594520437315e-01   1.6638221713975565e-01   1.6291574205636816e-01   1.5865525397266089e-01
   1.5865525282889803e-01   1.8574558879794412e-01   1.6764594520437315e-01   1.6638221713975565e-01   1.6291574205636816e-01   1.5865525397266089e-01
   1.5865525282889803e-01   1.8574558879794412e-01   1.6764594520437315e-01   1.6638221713975565e-01   1.6291574205636816e-01   1.5865525397266089e-01
   1.5865525282889803e-01   1.8574558879794412e-01   1.6764594520437315e-01   1.6638221713975565e-01   1.6291574205636816e-01   1.5865525397266089e-01
   1.5865525282889803e-01   1.8574558879794412e-01   1.6764594520437315e-01   1.6638221713975565e-01   1.6291574205636816e-01   1.5865525397266089e-01
   1.5865525282889803e-01   1.8574558879794412e-01   1.6764594520437315e-01   1.6638221713975565e-01   1.6291574205636816e-01   1.5865525397266089e-01
   1.5865525282889803e-01   1.8574558879794412e-01   1.6764594520437315e-01   1.6638221713975565e-01   1.6291574205636816e-01   1.5865525397266089e-01
   1.5865525282889803e-01   1.8574558879794412e-01   1.6764594520437315e-01   1.6638221713975565e-01   1.6291574205636816e-01   1.5865525397266089e-01
   1.5865525282889803e-01   1.8574558879794412e-01   1.6764594520437315e-01   1.6638221713975565e-01   1.6291574205636816e-01   1.5865525397266089e-01
   1.5865525282889803e-01   1.8574558879794412e-01   1.6764594520437315e-01   1.6638221713975565e-01   1.6291574205636816e-01   1.5865525397266089e-01
   1.5865525282889803e-01   1.8574558879794412e-01   1.6764594520437315e-01   1.6638221713975565e-01   1.6291574205636816e-01   1.5865525397266089e-01
   1.5865525282889803e-01   1.8574558879794412e-01   1.6764594520437315e-01   1.6638221713975565e-01   1.6291574205636816e-01   1.5865525397266089e-01
   1.5865525282889803e-01   1.8574558879794412e-01   1.6764594520437315e-01   1.6638221713975565e-01   1.6291574205636816e-01   1.5865525397266089e-01
   1.5865525282889803e-01   1.8574558879794412e-01   1.6764594520437315e-01   1.6638221713975565e-01   1.6291574205636816e-01   1.5865525397266089e-01
   1.5865525282889803e-01   1.8574558879794412e-01   1.6764594520437315e-01   1.6638221713975565e-01   1.6291574205636816e-01   1.5865525397266089e-01
   1.5865525282889803e-01   1.8574558879794412e-01   1.6764594520437315e-01   1.6638221713975565e-01   1.6291574205636816e-01   1.5865525397266089e-01
   1.5865525282889803e-01   1.8574558879794412e-01   1.6764594520437315e-01   1.6638221713975565e-01   1.6291574205636816e-01   1.5865525397266089e-01
   1.5865525282889803e-01   1.8574558879794412e-01   1.6764594520437315e-01   1.6638221713975565e-01   1.6291574205636816e-01   1.5865525397266089e-01
   1.5865525282889803e-01   1.8574558879794412e-01   1.6764594520437315e-01   1.6638221713975565e-01   1.6291574205636816e-01   1.5865525397266089e-01
   1.5865525282889803e-01   1.8574558879794412e-01   1.6764594520437315e-01   1.6638221713975565e-01   1.6291574205636816e-01   1.5865525397266089e-01
   1.5865525282889803e-01   1.8574558879794412e-01   1.6764594520437315e-01   1.6638221713975565e-01   1.6291574205636816e-01   1.5865525397266089e-01
   1.5865525282889803e-01   1.8574558879794412e-01   1.6764594520437315e-01   1.6638221713975565e-01   1.6291574205636816e-01   1.5865525397266089e-01
   1.5865525282889803e-01   1.8574558879794412e-01   1.6764594520437315e-01   1.6638221713975565e-01   1.6291574205636816e-01   1.5865525397266089e-01
   1.5865525282889803e-01   1.8574558879794412e-01   1.6764594520437315e-01   1.6638221713975565e-01   1.6291574205636816e-01   1.5865525397266089e-01
   1.5865525282889803e-01   1.8574558879794412e-01   1.6764594520437315e-01   1.6638221713975565e-01   1.6291574205636816e-01   1.5865525397266089e-01
   1.5865525282889803e-01   1.8574558879794412e-01   1.6764594520437315e-01   1.6638221713975565e-01   1.6291574205636816e-01   1.5865525397266089e-01
   1.5865525282889803e-01   1.8574558879794412e-01   1.6764594520437315e-01   1.6638221713975565e-01   1.6291574205636816e-01   1.5865525397266089e-01
   1.5865525282889803e-01   1.8574558879794412e-01   1.6764594520437315e-01   1.6638221713975565e-01   1.6291574205636816e-01   1.5865525397266089e-01
   1.5865525282889803e-01   1.8574558879794412e-01   1.6764594520437315e-01   1.6638221713975565e-01   1.6291574205636816e-01   1.5865525397266089e-01
   1.5865525282889803e-01   1.8574558879794412e-01   1.6764594520437315e-01   1.6638221713975565e-01   1.6291574205636816e-01   1.5865525397266089e-01
   1.5865525282889803e-01   1.8574558879794412e-01   1.6764594520437315e-01   1.6638221713975565e-01   1.6291574205636816e-01   1.5865525397266089e-01
   1.5865525282889803e-01   1.8574558879794412e-01   1.6764594520437315e-01   1.6638221713975565e-01   1.6291574205636816e-01   1.5865525397266089e-01
   1.5865525282889803e-01   1.8574558879794412e-01   1.6764594520437315e-01   1.6638221713975565e-01   1.6291574205636816e-01   1.5865525397266089e-01
   1.5865525282889803e-01   1.8574558879794412e-01   1.6764594520437315e-01   1.6638221713975565e-01   1.6291574205636816e-01   1.5865525397266089e-01
   1.5865525282889803e-01   1.8574558879794412e-01   1.6764594520437315e-01   1.6638221713975565e-01   1.6291574205636816e-01   1.5865525397266089e-01
   1.5865525282889803e-01   1.8574558879794412e-01   1.6764594520437315e-01   1.6638221713975565e-01   1.6291574205636816e-01   1.5865525397266089e-01
   1.3498980114360190e-03   6.8368543849111185e-03   1.6243976563953953e-02   3.7753923532512793e-02   9.6470601397439376e-02   8.4134474610974674e-01
   1.3498980114360190e-03   6.8368543849111185e-03   1.6243976563953953e-02   3.7753923532512793e-02   9.6470601397439376e-02   8.4134474610974674e-01
   1.3498980114360190e-03   6.8368543849111185e-03   1.6243976563953953e-02   3.7753923532512793e-02   9.6470601397439376e-02   8.4134474610974674e-01
   1.3498980114360190e-03   6.8368543849111185e-03   1.6243976563953953e-02   3.7753923532512793e-02   9.6470601397439376e-02   8.4134474610974674e-01
   1.3498980114360190e-03   6.8368543849111185e-03   1.6243976563953953e-02   3.7753923532512793e-02   9.6470601397439376e-02   8.4134474610974674e-01
   1.3498980114360190e-03   6.8368543849111185e-03   1.6243976563953953e-02   3.7753923532512793e-02   9.6470601397439376e-02   8.4134474610974674e-01
   1.3498980114360190e-03   6.8368543849111185e-03   1.6243976563953953e-02   3.7753923532512793e-02   9.6470601397439376e-02   8.4134474610974674e-01
   1.3498980114360190e-03   6.8368543849111185e-03   1.6243976563953953e-02   3.7753923532512793e-02   9.6470601397439376e-02   8.4134474610974674e-01
   1.3498980114360190e-03   6.8368543849111185e-03   1.6243976563953953e-02   3.7753923532512793e-02   9.6470601397439376e-02   8.4134474610974674e-01
   1.3498980114360190e-03   6.8368543849111185e-03   1.6243976563953953e-02   3.7753923532512793e-02   9.6470601397439376e-02   8.4134474610974674e-01
   1.3498980114360190e-03   6.8368543849111185e-03   1.6243976563953953e-02   3.7753923532512793e-02   9.6470601397439376e-02   8.4134474610974674e-01
   1.3498980114360190e-03   6.8368543849111185e-03   1.6243976563953953e-02   3.7753923532512793e-02   9.6470601397439376e-02   8.4134474610974674e-01
   1.3498980114360190e-03   6.8368543849111185e-03   1.6243976563953953e-02   3.7753923532512793e-02   9.6470601397439376e-02   8.4134474610974674e-01
   1.3498980114360190e-03   6.8368543849111185e-03   1.6243976563953953e-02   3.7753923532512793e-02   9.6470601397439376e-02   8.4134474610974674e-01
   1.3498980114360190e-03   6.8368543849111185e-03   1.6243976563953953e-02   3.7753923532512793e-02   9.6470601397439376e-02   8.4134474610974674e-01
   1.3498980114360190e-03   6.8368543849111185e-03   1.6243976563953953e-02   3.7753923532512793e-02   9.6470601397439376e-02   8.4134474610974674e-01
   1.3498980114360190e-03   6.8368543849111185e-03   1.6243976563953953e-02   3.7753923532512793e-02   9.6470601397439376e-02   8.4134474610974674e-01
   1.3498980114360190e-03   6.8368543849111185e-03   1.6243976563953953e-02   3.7753923532512793e-02   9.6470601397439376e-02   8.4134474610974674e-01
   1.3498980114360190e-03   6.8368543849111185e-03   1.6243976563953953e-02   3.7753923532512793e-02   9.6470601397439376e-02   8.4134474610974674e-01
   1.3498980114360190e-03   6.8368543849111185e-03   1.6243976563953953e-02   3.7753923532512793e-02   9.6470601397439376e-02   8.4134474610974674e-01
   1.3498980114360190e-03   6.8368543849111185e-03   1.6243976563953953e-02   3.7753923532512793e-02   9.6470601397439376e-02   8.4134474610974674e-01
   1.3498980114360190e-03   6.8368543849111185e-03   1.6243976563953953e-02   3.7753923532512793e-02   9.6470601397439376e-02   8.4134474610974674e-01
   1.3498980114360190e-03   6.8368543849111185e-03   1.6243976563953953e-02   3.7753923532512793e-02   9.6470601397439376e-02   8.4134474610974674e-01
   1.3498980114360190e-03   6.8368543849111185e-03   1.6243976563953953e-02   3.7753923532512793e-02   9.6470601397439376e-02   8.4134474610974674e-01
   1.3498980114360190e-03   6.8368543849111185e-03   1.6243976563953953e-02   3.7753923532512793e-02   9.6470601397439376e-02   8.4134474610974674e-01
   1.3498980114360190e-03   6.8368543849111185e-03   1.6243976563953953e-02   3.7753923532512793e-02   9.6470601397439376e-02   8.4134474610974674e-01
   1.3498980114360190e-03   6.8368543849111185e-03   1.6243976563953953e-02   3.7753923532512793e-02   9.6470601397439376e-02   8.4134474610974674e-01
   1.3498980114360190e-03   6.8368543849111185e-03   1.6243976563953953e-02   3.7753923532512793e-02   9.6470601397439376e-02   8.4134474610974674e-01
   1.3498980114360190e-03   6.8368543849111185e-03   1.6243976563953953e-02   3.7753923532512793e-02   9.6470601397439376e-02   8.4134474610974674e-01
   1.3498980114360190e-03   6.8368543849111185e-03   1.6243976563953953e-02   3.7753923532512793e-02   9.6470601397439376e-02   8.4134474610974674e-01
   1.3498980114360190e-03   6.8368543849111185e-03   1.6243976563953953e-02   3.7753923532512793e-02   9.6470601397439376e-02   8.4134474610974674e-01
   1.3498980114360190e-03   6.8368543849111185e-03   1.6243976563953953e-02   3.7753923532512793e-02   9.6470601397439376e-02   8.4134474610974674e-01
   1.3498980114360190e-03   6.8368543849111185e-03   1.6243976563953953e-02   3.7753923532512793e-02   9.6470601397439376e-02   8.4134474610974674e-01
   1.3498980114360190e-03   6.8368543849111185e-03   1.6243976563953953e-02   3.7753923532512793e-02   9.6470601397439376e-02   8.4134474610974674e-01
   1.3498980114360190e-03   6.8368543849111185e-03   1.6243976563953953e-02   3.7753923532512793e-02   9.6470601397439376e-02   8.4134474610974674e-01
   1.3498980114360190e-03   6.8368543849111185e-03   1.6243976563953953e-02   3.7753923532512793e-02   9.6470601397439376e-02   8.4134474610974674e-01
   1.3498980114360190e-03   6.8368543849111185e-03   1.6243976563953953e-02   3.7753923532512793e-02   9.6470601397439376e-02   8.4134474610974674e-01
   1.3498980114360190e-03   6.8368543849111185e-03   1.6243976563953953e-02   3.7753923532512793e-02   9.6470601397439376e-02   8.4134474610974674e-01
   1.3498980114360190e-03   6.8368543849111185e-03   1.6243976563953953e-02   3.7753923532512793e-02   9.6470601397439376e-02   8.4134474610974674e-01
   1.3498980114360190e-03   6.8368543849111185e-03   1.6243976563953953e-02   3.7753923532512793e-02   9.6470601397439376e-02   8.4134474610974674e-01
   1.3498980114360190e-03   6.8368543849111185e-03   1.6243976563953953e-02   3.7753923532512793e-02   9.6470601397439376e-02   8.4134474610974674e-01
   1.3498980114360190e-03   6.8368543849111185e-03   1.6243976563953953e-02   3.7753923532512793e-02   9.6470601397439376e-02   8.4134474610974674e-01
   1.3498980114360190e-03   6.8368543849111185e-03   1.6243976563953953e-02   3.7753923532512793e-02   9.6470601397439376e-02   8.4134474610974674e-01
   1.3498980114360190e-03   6.8368543849111185e-03   1.6243976563953953e-02   3.7753923532512793e-02   9.6470601397439376e-02   8.4134474610974674e-01
   1.3498980114360190e-03   6.8368543849111185e-03   1.6243976563953953e-02   3.7753923532512793e-02   9.6470601397439376e-02   8.4134474610974674e-01
   1.3498980114360190e-03   6.8368543849111185e-03   1.6243976563953953e-02   3.7753923532512793e-02   9.6470601397439376e-02   8.4134474610974674e-01
   1.3498980114360190e-03   6.8368543849111185e-03   1.6243976563953953e-02   3.7753923532512793e-02   9.6470601397439376e-02   8.4134474610974674e-01
   1.3498980114360190e-03   6.8368543849111185e-03   1.6243976563953953e-02   3.7753923532512793e-02   9.6470601397439376e-02   8.4134474610974674e-01
   1.3498980114360190e-03   6.8368543849111185e-03   1.6243976563953953e-02   3.7753923532512793e-02   9.6470601397439376e-02   8.4134474610974674e-01
   1.3498980114360190e-03   6.8368543849111185e-03   1.6243976563953953e-02   3.7753923532512793e-02   9.6470601397439376e-02   8.4134474610974674e-01
   1.3498980114360190e-03   6.8368543849111185e-03   1.6243976563953953e-02   3.7753923532512793e-02   9.6470601397439376e-02   8.4134474610974674e-01
   1.3498980114360190e-03   6.8368543849111185e-03   1.6243976563953953e-02   3.7753923532512793e-02   9.6470601397439376e-02   8.4134474610974674e-01
   1.3498980114360190e-03   6.8368543849111185e-03   1.6243976563953953e-02   3.7753923532512793e-02   9.6470601397439376e-02   8.4134474610974674e-01
   1.3498980114360190e-03   6.8368543849111185e-03   1.6243976563953953e-02   3.7753923532512793e-02   9.6470601397439376e-02   8.4134474610974674e-01
   1.3498980114360190e-03   6.8368543849111185e-03   1.6243976563953953e-02   3.7753923532512793e-02   9.6470601397439376e-02   8.4134474610974674e-01
   1.3498980114360190e-03   6.8368543849111185e-03   1.6243976563953953e-02   3.7753923532512793e-02   9.6470601397439376e-02   8.4134474610974674e-01
   1.3498980114360190e-03   6.8368543849111185e-03   1.6243976563953953e-02   3.7753923532512793e-02   9.6470601397439376e-02   8.4134474610974674e-01
   1.3498980114360190e-03   6.8368543849111185e-03   1.6243976563953953e-02   3.7753923532512793e-02   9.6470601397439376e-02   8.4134474610974674e-01
   1.3498980114360190e-03   6.8368543849111185e-03   1.6243976563953953e-02   3.7753923532512793e-02   9.6470601397439376e-02   8.4134474610974674e-01
   1.3498980114360190e-03   6.8368543849111185e-03   1.6243976563953953e-02   3.7753923532512793e-02   9.6470601397439376e-02   8.4134474610974674e-01
   1.3498980114360190e-03   6.8368543849111185e-03   1.6243976563953953e-02   3.7753923532512793e-02   9.6470601397439376e-02   8.4134474610974674e-01
   1.3498980114360190e-03   6.8368543849111185e-03   1.6243976563953953e-02   3.7753923532512793e-02   9.6470601397439376e-02   8.4134474610974674e-01
   1.3498980114360190e-03   6.8368543849111185e-03   1.6243976563953953e-02   3.7753923532512793e-02   9.6470601397439376e-02   8.4134474610974674e-01
   1.3498980114360190e-03   6.8368543849111185e-03   1.6243976563953953e-02   3.7753923532512793e-02   9.6470601397439376e-02   8.4134474610974674e-01
   1.3498980114360190e-03   6.8368543849111185e-03   1.6243976563953953e-02   3.7753923532512793e-02   9.6470601397439376e-02   8.4134474610974674e-01
   1.3498980114360190e-03   6.8368543849111185e-03   1.6243976563953953e-02   3.7753923532512793e-02   9.6470601397439376e-02   8.4134474610974674e-01
   1.3498980114360190e-03   6.8368543849111185e-03   1.6243976563953953e-02   3.7753923532512793e-02   9.6470601397439376e-02   8.4134474610974674e-01
   1.3498980114360190e-03   6.8368543849111185e-03   1.6243976563953953e-02   3.7753923532512793e-02   9.6470601397439376e-02   8.4134474610974674e-01
   1.3498980114360190e-03   6.8368543849111185e-03   1.6243976563953953e-02   3.7753923532512793e-02   9.6470601397439376e-02   8.4134474610974674e-01
   1.3498980114360190e-03   6.8368543849111185e-03   1.6243976563953953e-02   3.7753923532512793e-02   9.6470601397439376e-02   8.4134474610974674e-01
   1.3498980114360190e-03   6.8368543849111185e-03   1.6243976563953953e-02   3.7753923532512793e-02   9.6470601397439376e-02   8.4134474610974674e-01
   1.3498980114360190e-03   6.8368543849111185e-03   1.6243976563953953e-02   3.7753923532512793e-02   9.6470601397439376e-02   8.4134474610974674e-01
   1.3498980114360190e-03   6.8368543849111185e-03   1.6243976563953953e-02   3.7753923532512793e-02   9.6470601397439376e-02   8.4134474610974674e-01
   1.3498980114360190e-03   6.8368543849111185e-03   1.6243976563953953e-02   3.7753923532512793e-02   9.6470601397439376e-02   8.4134474610974674e-01
   1.3498980114360190e-03   6.8368543849111185e-03   1.6243976563953953e-02   3.7753923532512793e-02   9.6470601397439376e-02   8.4134474610974674e-01
   1.3498980114360190e-03   6.8368543849111185e-03   1.6243976563953953e-02   3.7753923532512793e-02   9.6470601397439376e-02   8.4134474610974674e-01
   1.3498980114360190e-03   6.8368543849111185e-03   1.6243976563953953e-02   3.7753923532512793e-02   9.6470601397439376e-02   8.4134474610974674e-01
   1.3498980114360190e-03   6.8368543849111185e-03   1.6243976563953953e-02   3.7753923532512793e-02   9.6470601397439376e-02   8.4134474610974674e-01
   1.3498980114360190e-03   6.8368543849111185e-03   1.6243976563953953e-02   3.7753923532512793e-02   9.6470601397439376e-02   8.4134474610974674e-01
   1.3498980114360190e-03   6.8368543849111185e-03   1.6243976563953953e-02   3.7753923532512793e-02   9.6470601397439376e-02   8.4134474610974674e-01
   1.3498980114360190e-03   6.8368543849111185e-03   1.6243976563953953e-02   3.7753923532512793e-02   9.6470601397439376e-02   8.4134474610974674e-01
